   0.0000000e+00	   8.1736445e-01	   8.5463637e-01	
   3.3333333e-02	   8.7384795e-01	   8.5234976e-01	
   6.6666667e-02	   8.9128534e-01	   8.5461920e-01	
   1.0000000e-01	   7.6759824e-01	   8.5543261e-01	
             NaN	             NaN	             NaN	
             NaN	             NaN	             NaN	
   2.0000000e-01	   7.6569670e-01	   8.5122764e-01	
   2.3333333e-01	   9.6884649e-01	   8.5115530e-01	
   2.6666667e-01	   8.6672916e-01	   8.5206296e-01	
   3.0000000e-01	   8.6781752e-01	   8.5038627e-01	
   3.3333333e-01	   8.1736445e-01	   8.5325163e-01	
   3.6666667e-01	   8.1736445e-01	   8.5316364e-01	
   4.0000000e-01	   9.0277062e-01	   8.5482030e-01	
   4.3333333e-01	   8.5433041e-01	   8.6177522e-01	
   4.6666667e-01	   9.1153903e-01	   8.5778448e-01	
   5.0000000e-01	   8.4235439e-01	   8.5747997e-01	
   5.3333333e-01	   8.2033725e-01	   8.6091903e-01	
   5.6666667e-01	   8.8866071e-01	   8.6045729e-01	
   6.0000000e-01	   8.6844718e-01	   8.5931551e-01	
   6.3333333e-01	   8.5250864e-01	   8.6381555e-01	
   6.6666667e-01	   8.5477232e-01	   8.6375020e-01	
   7.0000000e-01	   7.7491747e-01	   8.6097788e-01	
   7.3333333e-01	   8.4970858e-01	   8.6410589e-01	
   7.6666667e-01	   8.7112370e-01	   8.6048731e-01	
   8.0000000e-01	   8.1349926e-01	   8.6027706e-01	
   8.3333333e-01	   9.1915490e-01	   8.5804301e-01	
   8.6666667e-01	   8.5105190e-01	   8.6097239e-01	
   9.0000000e-01	   8.9623662e-01	   8.6097239e-01	
   9.3333333e-01	   1.0426031e+00	   8.5996648e-01	
   9.6666667e-01	   7.5003465e-01	   8.6166920e-01	
   1.0000000e+00	   8.4895376e-01	   8.6020458e-01	
   1.0333333e+00	   9.1709722e-01	   8.6278192e-01	
             NaN	             NaN	             NaN	
             NaN	             NaN	             NaN	
   1.1333333e+00	   8.8909948e-01	   8.6119036e-01	
   1.1666667e+00	   8.6198571e-01	   8.6474917e-01	
   1.2000000e+00	   7.8335293e-01	   8.6312795e-01	
   1.2333333e+00	   8.5640894e-01	   8.6627832e-01	
   1.2666667e+00	   8.6390764e-01	   8.6689202e-01	
   1.3000000e+00	   8.6063177e-01	   8.6812480e-01	
   1.3333333e+00	   8.0303018e-01	   8.7196511e-01	
   1.3666667e+00	   9.0231664e-01	   8.6669361e-01	
   1.4000000e+00	   8.1736445e-01	   8.6869860e-01	
   1.4333333e+00	   8.7359900e-01	   8.6580608e-01	
   1.4666667e+00	   9.0370938e-01	   8.5876834e-01	
   1.5000000e+00	   8.6906502e-01	   8.6131102e-01	
   1.5333333e+00	   9.1709722e-01	   8.6302612e-01	
   1.5666667e+00	   7.8906653e-01	   8.5812148e-01	
   1.6000000e+00	   8.1736445e-01	   8.5467529e-01	
   1.6333333e+00	   9.2485898e-01	   8.6096949e-01	
   1.6666667e+00	   9.5571418e-01	   8.5607347e-01	
   1.7000000e+00	   8.0775684e-01	   8.5604376e-01	
             NaN	             NaN	             NaN	
             NaN	             NaN	             NaN	
   1.8000000e+00	   9.0440879e-01	   8.5734417e-01	
   1.8333333e+00	   9.1718780e-01	   8.5683123e-01	
   1.8666667e+00	   7.7682418e-01	   8.5578709e-01	
   1.9000000e+00	   9.0518675e-01	   8.6012861e-01	
   1.9333333e+00	   8.1813847e-01	   8.6360693e-01	
   1.9666667e+00	   8.5258414e-01	   8.6325007e-01	
   2.0000000e+00	   8.1868703e-01	   8.6175158e-01	
   2.0333333e+00	   8.9526157e-01	   8.6731335e-01	
   2.0666667e+00	   7.8467182e-01	   8.6489167e-01	
   2.1000000e+00	   7.6162823e-01	   8.7002358e-01	
   2.1333333e+00	   1.0372071e+00	   8.6958091e-01	
   2.1666667e+00	   7.4711500e-01	   8.6938589e-01	
   2.2000000e+00	   8.6112405e-01	   8.6547363e-01	
   2.2333333e+00	   8.8081083e-01	   8.6431206e-01	
   2.2666667e+00	   8.5504859e-01	   8.6297009e-01	
   2.3000000e+00	   8.0552196e-01	   8.6517246e-01	
   2.3333333e+00	   8.4575643e-01	   8.6202023e-01	
   2.3666667e+00	   7.7275021e-01	   8.6093811e-01	
   2.4000000e+00	   1.0282207e+00	   8.6452768e-01	
   2.4333333e+00	   9.1823570e-01	   8.6410944e-01	
             NaN	             NaN	             NaN	
             NaN	             NaN	             NaN	
   2.5333333e+00	   1.0192328e+00	   8.6341366e-01	
   2.5666667e+00	   8.5171184e-01	   8.6485697e-01	
   2.6000000e+00	   9.2762825e-01	   8.6976763e-01	
   2.6333333e+00	   8.0541229e-01	   8.7017956e-01	
   2.6666667e+00	   9.1959351e-01	   8.6423149e-01	
   2.7000000e+00	   8.5008306e-01	   8.7325223e-01	
   2.7333333e+00	   7.7639446e-01	   8.7363132e-01	
   2.7666667e+00	   8.2673706e-01	   8.7321352e-01	
   2.8000000e+00	   9.2683860e-01	   8.7799891e-01	
   2.8333333e+00	   8.1299431e-01	   8.7506430e-01	
   2.8666667e+00	   8.8580635e-01	   8.7989424e-01	
   2.9000000e+00	   8.8092169e-01	   8.8263658e-01	
   2.9333333e+00	   8.9305781e-01	   8.7997954e-01	
   2.9666667e+00	   7.4240449e-01	   8.7751406e-01	
             NaN	             NaN	             NaN	
             NaN	             NaN	             NaN	
   3.0666667e+00	   9.3423109e-01	   8.7318038e-01	
   3.1000000e+00	   9.1725971e-01	   8.7374381e-01	
   3.1333333e+00	   7.7275021e-01	   8.7211052e-01	
   3.1666667e+00	   8.7660912e-01	   8.7561456e-01	
   3.2000000e+00	   9.9067506e-01	   8.7297758e-01	
   3.2333333e+00	   8.7135958e-01	   8.7476213e-01	
   3.2666667e+00	   8.6953006e-01	   8.7827526e-01	
   3.3000000e+00	   9.8425411e-01	   8.8018409e-01	
   3.3333333e+00	   7.2628773e-01	   8.8380333e-01	
   3.3666667e+00	   9.7616474e-01	   8.8870223e-01	
   3.4000000e+00	   8.4679323e-01	   8.8743676e-01	
   3.4333333e+00	   9.5648064e-01	   8.8155996e-01	
   3.4666667e+00	   8.5166793e-01	   8.8868869e-01	
   3.5000000e+00	   8.7031809e-01	   8.9455873e-01	
   3.5333333e+00	   9.3549987e-01	   8.9166375e-01	
   3.5666667e+00	   8.4276601e-01	   8.9456835e-01	
   3.6000000e+00	   8.6805154e-01	   8.9105069e-01	
   3.6333333e+00	   8.8026281e-01	   8.8906564e-01	
   3.6666667e+00	   9.0702939e-01	   8.9358283e-01	
   3.7000000e+00	   8.4312120e-01	   8.9444991e-01	
   3.7333333e+00	   9.0183494e-01	   8.9427514e-01	
             NaN	             NaN	             NaN	
             NaN	             NaN	             NaN	
   3.8333333e+00	   1.0245582e+00	   8.9040096e-01	
   3.8666667e+00	   9.4526470e-01	   8.9478310e-01	
   3.9000000e+00	   8.5163856e-01	   8.9524655e-01	
   3.9333333e+00	   7.2224811e-01	   8.9308539e-01	
   3.9666667e+00	   1.0855335e+00	   8.8969144e-01	
   4.0000000e+00	   9.0089554e-01	   8.9396316e-01	
   4.0333333e+00	   8.1349926e-01	   8.9540615e-01	
   4.0666667e+00	   9.7589728e-01	   8.9926571e-01	
   4.1000000e+00	   8.3221881e-01	   9.0039199e-01	
   4.1333333e+00	   8.5969348e-01	   8.9770384e-01	
   4.1666667e+00	   9.0374844e-01	   9.0318807e-01	
   4.2000000e+00	   9.0175452e-01	   8.9946269e-01	
   4.2333333e+00	   9.8560687e-01	   9.0388998e-01	
   4.2666667e+00	   7.4004222e-01	   9.0508363e-01	
   4.3000000e+00	   9.6016682e-01	   8.9928956e-01	
   4.3333333e+00	   9.1258348e-01	   9.0369925e-01	
   4.3666667e+00	   8.5336974e-01	   8.9749294e-01	
   4.4000000e+00	   9.8960478e-01	   8.9241444e-01	
   4.4333333e+00	   7.8411955e-01	   8.9945042e-01	
   4.4666667e+00	   8.5805624e-01	   9.0066719e-01	
   4.5000000e+00	   9.7554781e-01	   8.9865421e-01	
   4.5333333e+00	   9.1216461e-01	   8.9345580e-01	
   4.5666667e+00	   1.0474272e+00	   8.9485386e-01	
   4.6000000e+00	   8.7542822e-01	   8.9380171e-01	
   4.6333333e+00	   7.9009517e-01	   8.9039592e-01	
   4.6666667e+00	   1.0393054e+00	   8.9827616e-01	
   4.7000000e+00	   7.9899335e-01	   8.9450130e-01	
   4.7333333e+00	   9.7151274e-01	   8.9451740e-01	
   4.7666667e+00	   9.3645063e-01	   8.9160230e-01	
   4.8000000e+00	   7.3126146e-01	   8.9521857e-01	
   4.8333333e+00	   1.0359902e+00	   8.9773010e-01	
   4.8666667e+00	   8.3216251e-01	   8.9186146e-01	
   4.9000000e+00	   7.8783099e-01	   8.9703952e-01	
   4.9333333e+00	   1.0697540e+00	   8.9272529e-01	
   4.9666667e+00	   7.5996800e-01	   8.9076040e-01	
   5.0000000e+00	   1.0231312e+00	   8.9148581e-01	
   5.0333333e+00	   7.3974482e-01	   8.8642066e-01	
   5.0666667e+00	   8.5683926e-01	   8.9190581e-01	
   5.1000000e+00	   9.4328042e-01	   8.8281384e-01	
   5.1333333e+00	   7.2663952e-01	   8.8453860e-01	
   5.1666667e+00	   1.1039808e+00	   8.8810845e-01	
   5.2000000e+00	   7.8672792e-01	   8.8306855e-01	
   5.2333333e+00	   9.0225356e-01	   8.8596769e-01	
   5.2666667e+00	   8.9523883e-01	   8.8013475e-01	
   5.3000000e+00	   8.5214634e-01	   8.8012057e-01	
   5.3333333e+00	   1.0380245e+00	   8.8327859e-01	
   5.3666667e+00	   7.3065561e-01	   8.7657144e-01	
   5.4000000e+00	   1.0138894e+00	   8.7815748e-01	
   5.4333333e+00	   8.5586366e-01	   8.8150290e-01	
   5.4666667e+00	   7.2320812e-01	   8.7027096e-01	
   5.5000000e+00	   8.8054374e-01	   8.7500649e-01	
   5.5333333e+00	   8.1852840e-01	   8.6555617e-01	
   5.5666667e+00	   1.0822041e+00	   8.7164141e-01	
   5.6000000e+00	   7.6557609e-01	   8.6954266e-01	
   5.6333333e+00	   9.2889599e-01	   8.6821212e-01	
   5.6666667e+00	   9.0076029e-01	   8.7067215e-01	
             NaN	             NaN	             NaN	
             NaN	             NaN	             NaN	
   5.7666667e+00	   8.0235743e-01	   8.6290384e-01	
   5.8000000e+00	   9.3603924e-01	   8.5946290e-01	
   5.8333333e+00	   8.2284426e-01	   8.6303233e-01	
   5.8666667e+00	   8.4148285e-01	   8.5602534e-01	
             NaN	             NaN	             NaN	
             NaN	             NaN	             NaN	
   5.9666667e+00	   7.6649152e-01	   8.5601844e-01	
   6.0000000e+00	   8.8782748e-01	   8.6061444e-01	
   6.0333333e+00	   7.6797242e-01	   8.5325136e-01	
   6.0666667e+00	   9.0404644e-01	   8.5894754e-01	
   6.1000000e+00	   8.0017296e-01	   8.4649981e-01	
   6.1333333e+00	   9.0735577e-01	   8.5445194e-01	
   6.1666667e+00	   7.9306027e-01	   8.4829268e-01	
   6.2000000e+00	   8.1414108e-01	   8.5061325e-01	
   6.2333333e+00	   9.5304561e-01	   8.5251240e-01	
   6.2666667e+00	   8.1603121e-01	   8.5119177e-01	
   6.3000000e+00	   8.0233356e-01	   8.5019853e-01	
   6.3333333e+00	   9.4852082e-01	   8.5292973e-01	
   6.3666667e+00	   8.4883596e-01	   8.5021712e-01	
   6.4000000e+00	   9.6593469e-01	   8.5202221e-01	
   6.4333333e+00	   8.1967159e-01	   8.4845060e-01	
   6.4666667e+00	   8.1461612e-01	   8.5180115e-01	
   6.5000000e+00	   8.4729997e-01	   8.5250232e-01	
   6.5333333e+00	   6.8174067e-01	   8.5473434e-01	
   6.5666667e+00	   9.7232521e-01	   8.5573148e-01	
   6.6000000e+00	   7.4611537e-01	   8.5332283e-01	
   6.6333333e+00	   9.8028368e-01	   8.5606576e-01	
   6.6666667e+00	   7.6259600e-01	   8.5360477e-01	
   6.7000000e+00	   9.6341559e-01	   8.5832861e-01	
   6.7333333e+00	   9.0378943e-01	   8.5386149e-01	
   6.7666667e+00	   8.1421422e-01	   8.4925872e-01	
   6.8000000e+00	   7.7355327e-01	   8.5425008e-01	
   6.8333333e+00	   1.0152441e+00	   8.5237579e-01	
   6.8666667e+00	   7.4417876e-01	   8.5452624e-01	
   6.9000000e+00	   8.9383021e-01	   8.5254941e-01	
   6.9333333e+00	   7.4487396e-01	   8.5225080e-01	
   6.9666667e+00	   9.5231768e-01	   8.5302428e-01	
   7.0000000e+00	   7.8822789e-01	   8.5092666e-01	
   7.0333333e+00	   9.5701993e-01	   8.5326328e-01	
   7.0666667e+00	   7.9888377e-01	   8.5550217e-01	
   7.1000000e+00	   8.2937824e-01	   8.5347619e-01	
   7.1333333e+00	   8.8520393e-01	   8.5405135e-01	
   7.1666667e+00	   8.3106493e-01	   8.5174886e-01	
   7.2000000e+00	   9.3949950e-01	   8.5679252e-01	
   7.2333333e+00	   6.7566027e-01	   8.5216947e-01	
   7.2666667e+00	   8.1035967e-01	   8.5516936e-01	
   7.3000000e+00	   9.7076355e-01	   8.5230523e-01	
   7.3333333e+00	   7.4423056e-01	   8.5720256e-01	
   7.3666667e+00	   1.0151847e+00	   8.4311609e-01	
   7.4000000e+00	   7.8755411e-01	   8.5521968e-01	
   7.4333333e+00	   9.5667784e-01	   8.5044194e-01	
   7.4666667e+00	   8.4364943e-01	   8.5479492e-01	
   7.5000000e+00	   7.4959003e-01	   8.5313190e-01	
   7.5333333e+00	   9.1973507e-01	   8.5670755e-01	
   7.5666667e+00	   7.5114627e-01	   8.5280609e-01	
   7.6000000e+00	   9.0951983e-01	   8.5057266e-01	
   7.6333333e+00	   7.6394554e-01	   8.5293177e-01	
   7.6666667e+00	   9.0890644e-01	   8.5078022e-01	
   7.7000000e+00	   9.1894953e-01	   8.5276605e-01	
   7.7333333e+00	   8.2010101e-01	   8.5286627e-01	
   7.7666667e+00	   9.9678592e-01	   8.5411105e-01	
   7.8000000e+00	   7.2542632e-01	   8.6372979e-01	
   7.8333333e+00	   9.2537043e-01	   8.5185090e-01	
   7.8666667e+00	   5.7856360e-01	   8.5924028e-01	
   7.9000000e+00	   1.1193899e+00	   8.4743010e-01	
   7.9333333e+00	   7.4572030e-01	   8.5053365e-01	
   7.9666667e+00	   8.7981625e-01	   8.5156315e-01	
   8.0000000e+00	   9.0076425e-01	   8.5416817e-01	
   8.0333333e+00	   8.9907308e-01	   8.5338385e-01	
   8.0666667e+00	   8.3607463e-01	   8.4842000e-01	
   8.1000000e+00	   7.2964724e-01	   8.5342836e-01	
   8.1333333e+00	   9.0251060e-01	   8.4937920e-01	
   8.1666667e+00	   8.1850612e-01	   8.5479548e-01	
   8.2000000e+00	   8.9262566e-01	   8.5446753e-01	
   8.2333333e+00	   9.4260634e-01	   8.5071127e-01	
   8.2666667e+00	   7.1424829e-01	   8.5435126e-01	
   8.3000000e+00	   1.1085407e+00	   8.4650577e-01	
   8.3333333e+00	   6.0251788e-01	   8.5054870e-01	
   8.3666667e+00	   9.7330129e-01	   8.4874581e-01	
   8.4000000e+00	   6.4906921e-01	   8.6129811e-01	
   8.4333333e+00	   8.8376415e-01	   8.4832804e-01	
   8.4666667e+00	   9.8859219e-01	   8.5315857e-01	
   8.5000000e+00	   9.2440516e-01	   8.4648305e-01	
   8.5333333e+00	   7.2527602e-01	   8.4739163e-01	
   8.5666667e+00	   7.6585599e-01	   8.4946136e-01	
   8.6000000e+00	   9.0640522e-01	   8.4582103e-01	
   8.6333333e+00	   7.8399586e-01	   8.5265473e-01	
   8.6666667e+00	   9.3185041e-01	   8.4790110e-01	
   8.7000000e+00	   8.9874003e-01	   8.4761429e-01	
   8.7333333e+00	   8.0250527e-01	   8.4608403e-01	
   8.7666667e+00	   9.3294081e-01	   8.4414617e-01	
   8.8000000e+00	   7.5357554e-01	   8.5016598e-01	
   8.8333333e+00	   8.5075732e-01	   8.3651229e-01	
   8.8666667e+00	   8.6948075e-01	   8.4558672e-01	
   8.9000000e+00	   9.6768486e-01	   8.3948009e-01	
   8.9333333e+00	   7.1731773e-01	   8.4590204e-01	
   8.9666667e+00	   8.9546683e-01	   8.4917518e-01	
   9.0000000e+00	   6.7287516e-01	   8.3826497e-01	
   9.0333333e+00	   9.2893029e-01	   8.3706774e-01	
   9.0666667e+00	   9.6323456e-01	   8.4393788e-01	
   9.1000000e+00	   7.2322436e-01	   8.4333466e-01	
   9.1333333e+00	   9.4149210e-01	   8.4016520e-01	
   9.1666667e+00	   7.5514804e-01	   8.4501427e-01	
   9.2000000e+00	   8.0961508e-01	   8.3486384e-01	
   9.2333333e+00	   8.4518755e-01	   8.3653118e-01	
   9.2666667e+00	   8.8253271e-01	   8.4052929e-01	
   9.3000000e+00	   9.0086218e-01	   8.3468914e-01	
   9.3333333e+00	   6.8527638e-01	   8.4007790e-01	
   9.3666667e+00	   8.8382523e-01	   8.3578518e-01	
   9.4000000e+00	   7.8399586e-01	   8.3487400e-01	
   9.4333333e+00	   8.4814962e-01	   8.3319725e-01	
   9.4666667e+00	   9.8523145e-01	   8.3758268e-01	
   9.5000000e+00	   6.5037581e-01	   8.3373914e-01	
   9.5333333e+00	   8.8729095e-01	   8.3705792e-01	
   9.5666667e+00	   9.3825031e-01	   8.3724130e-01	
   9.6000000e+00	   7.4715628e-01	   8.3415664e-01	
   9.6333333e+00	   8.0815180e-01	   8.3621061e-01	
   9.6666667e+00	   9.3431699e-01	   8.3151029e-01	
   9.7000000e+00	   6.1718725e-01	   8.3546787e-01	
   9.7333333e+00	   9.5042752e-01	   8.3756178e-01	
   9.7666667e+00	   9.2644654e-01	   8.3519945e-01	
   9.8000000e+00	   7.5189644e-01	   8.3662301e-01	
   9.8333333e+00	   9.2062700e-01	   8.2902528e-01	
   9.8666667e+00	   7.1768295e-01	   8.4087611e-01	
   9.9000000e+00	   8.4123405e-01	   8.3971462e-01	
   9.9333333e+00	   9.1570571e-01	   8.4239095e-01	
   9.9666667e+00	   8.5326618e-01	   8.3974632e-01	
   1.0000000e+01	   7.7631709e-01	   8.3177931e-01	
   1.0033333e+01	   7.7575723e-01	   8.4321002e-01	
   1.0066667e+01	   9.3461523e-01	   8.4009747e-01	
   1.0100000e+01	   8.6760985e-01	   8.3901577e-01	
   1.0133333e+01	   7.8689739e-01	   8.3942940e-01	
   1.0166667e+01	   7.9578224e-01	   8.4160991e-01	
   1.0200000e+01	   8.7783306e-01	   8.3856339e-01	
   1.0233333e+01	   8.7452640e-01	   8.4551782e-01	
   1.0266667e+01	   7.7195532e-01	   8.4086667e-01	
   1.0300000e+01	   9.2666290e-01	   8.3357735e-01	
   1.0333333e+01	   6.6533279e-01	   8.4078637e-01	
   1.0366667e+01	   1.0526519e+00	   8.3888571e-01	
   1.0400000e+01	   8.4781911e-01	   8.4465909e-01	
   1.0433333e+01	   8.6696210e-01	   8.3739673e-01	
   1.0466667e+01	   7.6616620e-01	   8.3425752e-01	
   1.0500000e+01	   7.3825401e-01	   8.3362390e-01	
   1.0533333e+01	   1.0047278e+00	   8.3559999e-01	
   1.0566667e+01	   7.9080187e-01	   8.3936835e-01	
   1.0600000e+01	   9.0471780e-01	   8.3529711e-01	
   1.0633333e+01	   7.5997863e-01	   8.3680930e-01	
   1.0666667e+01	   8.7574763e-01	   8.3463755e-01	
   1.0700000e+01	   8.3987489e-01	   8.3657890e-01	
   1.0733333e+01	   8.3277458e-01	   8.3680597e-01	
   1.0766667e+01	   8.0624194e-01	   8.3407805e-01	
   1.0800000e+01	   7.0047742e-01	   8.3486811e-01	
   1.0833333e+01	   9.7537621e-01	   8.2783662e-01	
   1.0866667e+01	   8.6170654e-01	   8.3389478e-01	
   1.0900000e+01	   8.9665766e-01	   8.3116680e-01	
   1.0933333e+01	   6.1610085e-01	   8.3057207e-01	
   1.0966667e+01	   8.1839027e-01	   8.2922429e-01	
             NaN	             NaN	             NaN	
             NaN	             NaN	             NaN	
   1.1066667e+01	   8.8503959e-01	   8.2791972e-01	
   1.1100000e+01	   8.1654926e-01	   8.3247601e-01	
   1.1133333e+01	   9.1146337e-01	   8.3324552e-01	
   1.1166667e+01	   7.2391647e-01	   8.2978685e-01	
   1.1200000e+01	   8.5208147e-01	   8.3259837e-01	
   1.1233333e+01	   8.8441827e-01	   8.2901889e-01	
   1.1266667e+01	   7.9541649e-01	   8.3329504e-01	
   1.1300000e+01	   7.9486710e-01	   8.2991612e-01	
   1.1333333e+01	   7.2274975e-01	   8.3127801e-01	
   1.1366667e+01	   8.4101930e-01	   8.3414283e-01	
   1.1400000e+01	   9.7354048e-01	   8.2631735e-01	
             NaN	             NaN	             NaN	
             NaN	             NaN	             NaN	
   1.1500000e+01	   1.0091196e+00	   8.3552705e-01	
   1.1533333e+01	   7.6171606e-01	   8.3007219e-01	
   1.1566667e+01	   7.0308906e-01	   8.3534734e-01	
   1.1600000e+01	   9.1382167e-01	   8.3022896e-01	
   1.1633333e+01	   9.2549448e-01	   8.3260705e-01	
   1.1666667e+01	   6.6659452e-01	   8.3229100e-01	
   1.1700000e+01	   9.5165871e-01	   8.3256600e-01	
   1.1733333e+01	   7.4322900e-01	   8.3186902e-01	
   1.1766667e+01	   9.4823050e-01	   8.2992275e-01	
   1.1800000e+01	   7.1501122e-01	   8.3148650e-01	
   1.1833333e+01	   7.3724848e-01	   8.3147042e-01	
   1.1866667e+01	   1.0527262e+00	   8.3811095e-01	
   1.1900000e+01	   6.5041874e-01	   8.3151503e-01	
   1.1933333e+01	   8.2739236e-01	   8.3145564e-01	
   1.1966667e+01	   9.2502593e-01	   8.2932829e-01	
   1.2000000e+01	   8.2739236e-01	   8.2940973e-01	
   1.2033333e+01	   6.8279082e-01	   8.2419549e-01	
   1.2066667e+01	   9.8305158e-01	   8.2570205e-01	
   1.2100000e+01	   7.3660656e-01	   8.2726369e-01	
   1.2133333e+01	   8.8551400e-01	   8.3041898e-01	
   1.2166667e+01	   9.0229775e-01	   8.2702343e-01	
   1.2200000e+01	   7.3189151e-01	   8.3296524e-01	
             NaN	             NaN	             NaN	
             NaN	             NaN	             NaN	
   1.2300000e+01	   8.3763781e-01	   8.2734296e-01	
   1.2333333e+01	   7.9443280e-01	   8.3206744e-01	
   1.2366667e+01	   9.0204421e-01	   8.3620456e-01	
   1.2400000e+01	   6.6292949e-01	   8.3148004e-01	
   1.2433333e+01	   9.7193694e-01	   8.3303874e-01	
   1.2466667e+01	   7.7188965e-01	   8.3440899e-01	
   1.2500000e+01	   8.3169011e-01	   8.3720590e-01	
   1.2533333e+01	   8.5790658e-01	   8.3186130e-01	
   1.2566667e+01	   8.0540638e-01	   8.3711971e-01	
   1.2600000e+01	   7.4837656e-01	   8.3427304e-01	
   1.2633333e+01	   1.0053253e+00	   8.3548389e-01	
             NaN	             NaN	             NaN	
             NaN	             NaN	             NaN	
   1.2733333e+01	   8.4864186e-01	   8.3684471e-01	
   1.2766667e+01	   9.0312317e-01	   8.3235095e-01	
   1.2800000e+01	   7.3955148e-01	   8.3890701e-01	
   1.2833333e+01	   8.4257235e-01	   8.3349688e-01	
   1.2866667e+01	   8.4895075e-01	   8.3395633e-01	
   1.2900000e+01	   9.2516397e-01	   8.3407598e-01	
   1.2933333e+01	   6.9250367e-01	   8.3808483e-01	
   1.2966667e+01	   8.6438917e-01	   8.3280676e-01	
   1.3000000e+01	   1.0005426e+00	   8.3501022e-01	
   1.3033333e+01	   6.8308804e-01	   8.3367433e-01	
   1.3066667e+01	   8.2476797e-01	   8.3280072e-01	
   1.3100000e+01	   9.0619142e-01	   8.3518337e-01	
   1.3133333e+01	   7.6929945e-01	   8.3524835e-01	
   1.3166667e+01	   7.2432969e-01	   8.2756774e-01	
   1.3200000e+01	   9.2622031e-01	   8.3534202e-01	
   1.3233333e+01	   9.0589549e-01	   8.2799027e-01	
   1.3266667e+01	   7.1101951e-01	   8.2604379e-01	
   1.3300000e+01	   1.0224766e+00	   8.2783589e-01	
   1.3333333e+01	   6.8074408e-01	   8.2983574e-01	
   1.3366667e+01	   8.0775684e-01	   8.2975569e-01	
   1.3400000e+01	   9.0551408e-01	   8.2550970e-01	
   1.3433333e+01	   7.7918610e-01	   8.2201385e-01	
   1.3466667e+01	   8.1887274e-01	   8.2849215e-01	
   1.3500000e+01	   8.3579007e-01	   8.2785971e-01	
   1.3533333e+01	   7.9294936e-01	   8.1951103e-01	
   1.3566667e+01	   8.3257174e-01	   8.2215456e-01	
   1.3600000e+01	   8.7450340e-01	   8.2614814e-01	
   1.3633333e+01	   7.5026103e-01	   8.1946712e-01	
   1.3666667e+01	   7.8258754e-01	   8.2119385e-01	
   1.3700000e+01	   1.0607962e+00	   8.2229823e-01	
   1.3733333e+01	   6.0743759e-01	   8.2106972e-01	
   1.3766667e+01	   7.8830120e-01	   8.1975300e-01	
   1.3800000e+01	   9.5867800e-01	   8.1934162e-01	
   1.3833333e+01	   8.0154693e-01	   8.1362592e-01	
   1.3866667e+01	   8.4009076e-01	   8.2060670e-01	
   1.3900000e+01	   7.1732525e-01	   8.1745589e-01	
   1.3933333e+01	   8.1679244e-01	   8.1592750e-01	
   1.3966667e+01	   8.9333116e-01	   8.1566509e-01	
   1.4000000e+01	   8.4478327e-01	   8.1382449e-01	
   1.4033333e+01	   7.4173364e-01	   8.1505030e-01	
   1.4066667e+01	   7.6503747e-01	   8.1423998e-01	
   1.4100000e+01	   9.4856896e-01	   8.1250390e-01	
   1.4133333e+01	   6.9907985e-01	   8.0993642e-01	
   1.4166667e+01	   8.2282804e-01	   8.1301142e-01	
   1.4200000e+01	   7.5856547e-01	   8.1357837e-01	
   1.4233333e+01	   8.8813660e-01	   8.0622614e-01	
   1.4266667e+01	   8.6507711e-01	   8.1285242e-01	
   1.4300000e+01	   6.9826685e-01	   8.1369902e-01	
   1.4333333e+01	   8.4528963e-01	   8.1170251e-01	
   1.4366667e+01	   8.9714839e-01	   8.1310426e-01	
   1.4400000e+01	   7.1008171e-01	   8.0575964e-01	
   1.4433333e+01	   8.5813403e-01	   8.1329669e-01	
   1.4466667e+01	   7.7105142e-01	   8.0899396e-01	
   1.4500000e+01	   7.6181421e-01	   8.1124729e-01	
   1.4533333e+01	   8.7379012e-01	   8.0991864e-01	
   1.4566667e+01	   7.6782950e-01	   8.0936739e-01	
   1.4600000e+01	   7.7875313e-01	   8.1308330e-01	
   1.4633333e+01	   7.9491144e-01	   8.0875646e-01	
   1.4666667e+01	   8.4558626e-01	   8.1352329e-01	
   1.4700000e+01	   8.0016269e-01	   8.0880174e-01	
   1.4733333e+01	   8.3287711e-01	   8.1144167e-01	
             NaN	             NaN	             NaN	
             NaN	             NaN	             NaN	
   1.4833333e+01	   9.0077947e-01	   8.1784327e-01	
   1.4866667e+01	   8.4219758e-01	   8.1139046e-01	
   1.4900000e+01	   6.2709663e-01	   8.0926646e-01	
   1.4933333e+01	   9.3589973e-01	   8.1414425e-01	
   1.4966667e+01	   6.9201324e-01	   8.1458696e-01	
   1.5000000e+01	   9.5867800e-01	   8.1769217e-01	
   1.5033333e+01	   8.0625234e-01	   8.1814441e-01	
   1.5066667e+01	   7.2574737e-01	   8.1703787e-01	
   1.5100000e+01	   8.7279870e-01	   8.1772352e-01	
   1.5133333e+01	   8.2309062e-01	   8.1917936e-01	
   1.5166667e+01	   8.3731814e-01	   8.2350979e-01	
   1.5200000e+01	   6.8590294e-01	   8.2110396e-01	
   1.5233333e+01	   8.3512338e-01	   8.2100271e-01	
   1.5266667e+01	   9.2091119e-01	   8.1900796e-01	
   1.5300000e+01	   7.5753774e-01	   8.1852923e-01	
   1.5333333e+01	   9.5867800e-01	   8.2129378e-01	
   1.5366667e+01	   6.5815831e-01	   8.2258430e-01	
   1.5400000e+01	   8.3555243e-01	   8.1987138e-01	
   1.5433333e+01	   8.5153759e-01	   8.2005811e-01	
   1.5466667e+01	   8.7097256e-01	   8.2010383e-01	
   1.5500000e+01	   8.6110255e-01	   8.2833474e-01	
   1.5533333e+01	   7.7492902e-01	   8.2440576e-01	
   1.5566667e+01	   8.4170071e-01	   8.2573552e-01	
   1.5600000e+01	   7.8771319e-01	   8.2156386e-01	
   1.5633333e+01	   8.2097249e-01	   8.2457653e-01	
   1.5666667e+01	   9.2049404e-01	   8.2359962e-01	
   1.5700000e+01	   7.7581715e-01	   8.2327943e-01	
   1.5733333e+01	   7.9722645e-01	   8.2731257e-01	
   1.5766667e+01	   7.7502917e-01	   8.3135743e-01	
   1.5800000e+01	   8.0464612e-01	   8.2764740e-01	
   1.5833333e+01	   9.0423041e-01	   8.2426762e-01	
   1.5866667e+01	   9.4078544e-01	   8.2110452e-01	
   1.5900000e+01	   7.5809711e-01	   8.2950797e-01	
   1.5933333e+01	   6.3288513e-01	   8.3032474e-01	
   1.5966667e+01	   9.3731708e-01	   8.2931377e-01	
   1.6000000e+01	   9.4717156e-01	   8.2506047e-01	
   1.6033333e+01	   8.3687959e-01	   8.2758308e-01	
   1.6066667e+01	   8.4747495e-01	   8.2759216e-01	
   1.6100000e+01	   5.9642586e-01	   8.2980913e-01	
   1.6133333e+01	   9.6619165e-01	   8.2793662e-01	
   1.6166667e+01	   7.9280621e-01	   8.2903792e-01	
   1.6200000e+01	   8.2739236e-01	   8.2303375e-01	
   1.6233333e+01	   8.1093036e-01	   8.2549423e-01	
   1.6266667e+01	   9.6051384e-01	   8.3006437e-01	
   1.6300000e+01	   8.0590039e-01	   8.2910702e-01	
   1.6333333e+01	   6.5276443e-01	   8.3098477e-01	
   1.6366667e+01	   8.6062205e-01	   8.2510196e-01	
   1.6400000e+01	   9.1866507e-01	   8.2517735e-01	
   1.6433333e+01	   8.6087226e-01	   8.2355512e-01	
   1.6466667e+01	   8.2019761e-01	   8.3340276e-01	
   1.6500000e+01	   7.3912038e-01	   8.3205083e-01	
   1.6533333e+01	   9.3930348e-01	   8.2399905e-01	
   1.6566667e+01	   7.7521055e-01	   8.2120622e-01	
   1.6600000e+01	   9.1042659e-01	   8.2135583e-01	
   1.6633333e+01	   7.2966552e-01	   8.2865338e-01	
   1.6666667e+01	   8.5511264e-01	   8.2497276e-01	
   1.6700000e+01	   7.3436469e-01	   8.2752401e-01	
   1.6733333e+01	   8.5209228e-01	   8.2695029e-01	
   1.6766667e+01	   9.3890056e-01	   8.2748429e-01	
   1.6800000e+01	   7.4535150e-01	   8.2289707e-01	
   1.6833333e+01	   8.6285636e-01	   8.2692384e-01	
   1.6866667e+01	   7.2186325e-01	   8.3192172e-01	
   1.6900000e+01	   9.4312246e-01	   8.3265665e-01	
   1.6933333e+01	   7.0780799e-01	   8.3179065e-01	
   1.6966667e+01	   9.3816207e-01	   8.2894496e-01	
   1.7000000e+01	   8.9540736e-01	   8.3151534e-01	
   1.7033333e+01	   6.9756619e-01	   8.2939328e-01	
   1.7066667e+01	   7.5030181e-01	   8.2779213e-01	
   1.7100000e+01	   8.5211287e-01	   8.2710106e-01	
   1.7133333e+01	   8.2265004e-01	   8.2595180e-01	
   1.7166667e+01	   8.5209228e-01	   8.3015426e-01	
   1.7200000e+01	   8.7189515e-01	   8.3409040e-01	
   1.7233333e+01	   8.0960708e-01	   8.3121465e-01	
             NaN	             NaN	             NaN	
             NaN	             NaN	             NaN	
   1.7333333e+01	   9.2267694e-01	   8.2772360e-01	
   1.7366667e+01	   7.9770288e-01	   8.2971355e-01	
   1.7400000e+01	   8.8193498e-01	   8.3489119e-01	
   1.7433333e+01	   8.9355097e-01	   8.3056445e-01	
   1.7466667e+01	   7.7834729e-01	   8.3607356e-01	
   1.7500000e+01	   8.9473875e-01	   8.3049387e-01	
   1.7533333e+01	   6.7758046e-01	   8.3217878e-01	
   1.7566667e+01	   8.9287028e-01	   8.3119634e-01	
   1.7600000e+01	   7.5516962e-01	   8.3504515e-01	
   1.7633333e+01	   8.7709805e-01	   8.3609291e-01	
   1.7666667e+01	   8.5153687e-01	   8.3599285e-01	
   1.7700000e+01	   9.6926069e-01	   8.3639563e-01	
   1.7733333e+01	   6.5096771e-01	   8.3680579e-01	
   1.7766667e+01	   8.8007970e-01	   8.3584515e-01	
   1.7800000e+01	   7.4944037e-01	   8.3592475e-01	
   1.7833333e+01	   8.0558406e-01	   8.3008090e-01	
   1.7866667e+01	   9.2056487e-01	   8.3061968e-01	
   1.7900000e+01	   8.7201459e-01	   8.2983298e-01	
   1.7933333e+01	   8.1764721e-01	   8.2841196e-01	
   1.7966667e+01	   8.6757204e-01	   8.2687464e-01	
   1.8000000e+01	   7.7635106e-01	   8.2688889e-01	
   1.8033333e+01	   9.4426991e-01	   8.2671203e-01	
   1.8066667e+01	   6.6907537e-01	   8.2819154e-01	
   1.8100000e+01	   8.6191735e-01	   8.2695155e-01	
   1.8133333e+01	   8.8249778e-01	   8.2624855e-01	
   1.8166667e+01	   8.1974823e-01	   8.2957477e-01	
   1.8200000e+01	   8.6377289e-01	   8.2791177e-01	
   1.8233333e+01	   8.8379005e-01	   8.2294790e-01	
   1.8266667e+01	   7.8174844e-01	   8.2855177e-01	
   1.8300000e+01	   8.3823309e-01	   8.3162585e-01	
   1.8333333e+01	   6.5476525e-01	   8.2736651e-01	
   1.8366667e+01	   9.3937941e-01	   8.2994405e-01	
   1.8400000e+01	   7.7331492e-01	   8.2273565e-01	
   1.8433333e+01	   8.3788353e-01	   8.2322313e-01	
   1.8466667e+01	   8.4589387e-01	   8.2327018e-01	
   1.8500000e+01	   7.7878925e-01	   8.2207205e-01	
   1.8533333e+01	   8.8925586e-01	   8.2581390e-01	
   1.8566667e+01	   7.2344548e-01	   8.1955068e-01	
   1.8600000e+01	   8.5443045e-01	   8.2520320e-01	
   1.8633333e+01	   7.3337670e-01	   8.2348634e-01	
   1.8666667e+01	   9.8021095e-01	   8.2124883e-01	
   1.8700000e+01	   7.9998390e-01	   8.2522826e-01	
   1.8733333e+01	   8.1538046e-01	   8.2277552e-01	
   1.8766667e+01	   8.2468781e-01	   8.2159727e-01	
   1.8800000e+01	   9.7537621e-01	   8.1871579e-01	
   1.8833333e+01	   6.1740091e-01	   8.1715592e-01	
   1.8866667e+01	   8.8548759e-01	   8.2662128e-01	
   1.8900000e+01	   6.9710464e-01	   8.2166991e-01	
   1.8933333e+01	   8.8712641e-01	   8.2269033e-01	
   1.8966667e+01	   8.1910566e-01	   8.2251631e-01	
   1.9000000e+01	   8.3043016e-01	   8.2266631e-01	
   1.9033333e+01	   8.9234842e-01	   8.2198616e-01	
   1.9066667e+01	   7.5010993e-01	   8.1779428e-01	
   1.9100000e+01	   8.4430355e-01	   8.2104096e-01	
   1.9133333e+01	   8.0869464e-01	   8.2291958e-01	
   1.9166667e+01	   8.1313508e-01	   8.2453318e-01	
   1.9200000e+01	   9.4311068e-01	   8.2123895e-01	
   1.9233333e+01	   7.8773771e-01	   8.1942735e-01	
   1.9266667e+01	   8.4726441e-01	   8.1625679e-01	
   1.9300000e+01	   6.9242255e-01	   8.2171730e-01	
   1.9333333e+01	   7.8987707e-01	   8.1544802e-01	
   1.9366667e+01	   9.4819149e-01	   8.2536226e-01	
   1.9400000e+01	   7.8588702e-01	   8.2178998e-01	
   1.9433333e+01	   8.0494779e-01	   8.2562485e-01	
   1.9466667e+01	   8.3248892e-01	   8.2554535e-01	
   1.9500000e+01	   8.5054385e-01	   8.2632504e-01	
   1.9533333e+01	   7.5770472e-01	   8.2636382e-01	
   1.9566667e+01	   7.5930739e-01	   8.1982615e-01	
   1.9600000e+01	   8.2409257e-01	   8.2579940e-01	
   1.9633333e+01	   9.1266779e-01	   8.2329498e-01	
   1.9666667e+01	   7.8339827e-01	   8.2185572e-01	
   1.9700000e+01	   8.7808981e-01	   8.2014015e-01	
   1.9733333e+01	   7.4382427e-01	   8.1916408e-01	
   1.9766667e+01	   7.1709315e-01	   8.1802212e-01	
   1.9800000e+01	   9.9396368e-01	   8.1628466e-01	
   1.9833333e+01	   7.8102850e-01	   8.2118951e-01	
   1.9866667e+01	   9.2474232e-01	   8.2351199e-01	
   1.9900000e+01	   7.7474694e-01	   8.1884116e-01	
   1.9933333e+01	   8.1598565e-01	   8.2052894e-01	
   1.9966667e+01	   8.8466177e-01	   8.2026920e-01	
   2.0000000e+01	   8.4327606e-01	   8.2118439e-01	
   2.0033333e+01	   8.3163240e-01	   8.2060181e-01	
   2.0066667e+01	   6.8968052e-01	   8.2232076e-01	
   2.0100000e+01	   9.3528074e-01	   8.2658879e-01	
   2.0133333e+01	   7.6666675e-01	   8.2371445e-01	
   2.0166667e+01	   7.6407730e-01	   8.2148288e-01	
   2.0200000e+01	   7.5995269e-01	   8.2003417e-01	
   2.0233333e+01	   9.1285223e-01	   8.1950025e-01	
   2.0266667e+01	   7.5233712e-01	   8.2310192e-01	
   2.0300000e+01	   7.9340306e-01	   8.2514746e-01	
   2.0333333e+01	   8.4447291e-01	   8.2044565e-01	
   2.0366667e+01	   8.6187412e-01	   8.2220094e-01	
   2.0400000e+01	   8.0339557e-01	   8.1607267e-01	
   2.0433333e+01	   8.3820830e-01	   8.1980098e-01	
   2.0466667e+01	   7.9689570e-01	   8.1826057e-01	
   2.0500000e+01	   8.6085994e-01	   8.1751008e-01	
   2.0533333e+01	   8.3248372e-01	   8.1201908e-01	
   2.0566667e+01	   8.1099234e-01	   8.1533937e-01	
   2.0600000e+01	   8.9161642e-01	   8.1763158e-01	
   2.0633333e+01	   7.3498790e-01	   8.1300227e-01	
   2.0666667e+01	   8.4348902e-01	   8.1548661e-01	
   2.0700000e+01	   7.3848825e-01	   8.1612426e-01	
   2.0733333e+01	   8.6153844e-01	   8.2036577e-01	
   2.0766667e+01	   8.5547586e-01	   8.1642663e-01	
   2.0800000e+01	   7.8050515e-01	   8.1836330e-01	
   2.0833333e+01	   8.4820737e-01	   8.2072217e-01	
   2.0866667e+01	   8.3544252e-01	   8.1948316e-01	
   2.0900000e+01	   7.3476612e-01	   8.1944107e-01	
   2.0933333e+01	   8.9032452e-01	   8.1969718e-01	
   2.0966667e+01	   7.6823284e-01	   8.1800222e-01	
   2.1000000e+01	   8.6139662e-01	   8.1847021e-01	
   2.1033333e+01	   6.7305500e-01	   8.1857064e-01	
   2.1066667e+01	   9.3456138e-01	   8.1755554e-01	
   2.1100000e+01	   7.6073918e-01	   8.1771196e-01	
   2.1133333e+01	   7.9177211e-01	   8.1607986e-01	
   2.1166667e+01	   8.4368123e-01	   8.1783220e-01	
   2.1200000e+01	   7.8384429e-01	   8.1870871e-01	
   2.1233333e+01	   8.9143963e-01	   8.1777698e-01	
   2.1266667e+01	   7.9073888e-01	   8.1845706e-01	
   2.1300000e+01	   8.1237404e-01	   8.1716903e-01	
   2.1333333e+01	   8.6652803e-01	   8.1968970e-01	
   2.1366667e+01	   8.0606340e-01	   8.1922310e-01	
   2.1400000e+01	   8.6056954e-01	   8.1329211e-01	
   2.1433333e+01	   8.1133491e-01	   8.1498697e-01	
   2.1466667e+01	   7.8566440e-01	   8.1360462e-01	
   2.1500000e+01	   8.1140339e-01	   8.1369321e-01	
   2.1533333e+01	   8.6397328e-01	   8.1323665e-01	
   2.1566667e+01	   8.0101566e-01	   8.1813418e-01	
   2.1600000e+01	   8.1584132e-01	   8.1285737e-01	
   2.1633333e+01	   8.4102149e-01	   8.1631929e-01	
   2.1666667e+01	   7.8931018e-01	   8.1348032e-01	
   2.1700000e+01	   8.7066104e-01	   8.1496983e-01	
   2.1733333e+01	   7.0960462e-01	   8.1592223e-01	
   2.1766667e+01	   8.8262092e-01	   8.1409634e-01	
   2.1800000e+01	   8.1554694e-01	   8.1362961e-01	
   2.1833333e+01	   8.5864574e-01	   8.1522653e-01	
   2.1866667e+01	   8.3374277e-01	   8.1343370e-01	
   2.1900000e+01	   6.5158193e-01	   8.1379825e-01	
   2.1933333e+01	   7.8730677e-01	   8.1163771e-01	
   2.1966667e+01	   8.4747168e-01	   8.0914496e-01	
   2.2000000e+01	   7.7097924e-01	   8.0935498e-01	
   2.2033333e+01	   8.4724303e-01	   8.1460427e-01	
   2.2066667e+01	   8.2487850e-01	   8.1294003e-01	
   2.2100000e+01	   7.7098035e-01	   8.1444238e-01	
   2.2133333e+01	   8.6805878e-01	   8.1235439e-01	
   2.2166667e+01	   7.0376404e-01	   8.1156397e-01	
   2.2200000e+01	   8.8985597e-01	   8.1089167e-01	
   2.2233333e+01	   8.1336877e-01	   8.1088740e-01	
   2.2266667e+01	   8.3483681e-01	   8.1268663e-01	
   2.2300000e+01	   7.7627048e-01	   8.1393384e-01	
   2.2333333e+01	   8.6187850e-01	   8.1210120e-01	
   2.2366667e+01	   8.1095034e-01	   8.0888899e-01	
   2.2400000e+01	   8.1736445e-01	   8.0754802e-01	
   2.2433333e+01	   7.9359261e-01	   8.1589816e-01	
   2.2466667e+01	   7.3405977e-01	   8.1298068e-01	
   2.2500000e+01	   7.9217500e-01	   8.1101351e-01	
   2.2533333e+01	   9.7413142e-01	   8.1320745e-01	
   2.2566667e+01	   8.1238180e-01	   8.1260323e-01	
   2.2600000e+01	   8.4758852e-01	   8.1281399e-01	
   2.2633333e+01	   7.5111375e-01	   8.1520546e-01	
   2.2666667e+01	   8.1651838e-01	   8.1297935e-01	
   2.2700000e+01	   7.6846885e-01	   8.1628050e-01	
   2.2733333e+01	   8.7052868e-01	   8.1263380e-01	
   2.2766667e+01	   7.6538068e-01	   8.1262386e-01	
   2.2800000e+01	   9.2128441e-01	   8.1163252e-01	
   2.2833333e+01	   7.5873511e-01	   8.1436582e-01	
   2.2866667e+01	   7.5906742e-01	   8.1330507e-01	
   2.2900000e+01	   7.9217243e-01	   8.1312835e-01	
   2.2933333e+01	   9.1043631e-01	   8.1312835e-01	
   2.2966667e+01	   6.9686507e-01	   8.1285707e-01	
   2.3000000e+01	   7.8648925e-01	   8.1715123e-01	
   2.3033333e+01	   8.3899158e-01	   8.1694232e-01	
   2.3066667e+01	   8.2851198e-01	   8.1364815e-01	
   2.3100000e+01	   8.3141228e-01	   8.1135861e-01	
   2.3133333e+01	   8.4511569e-01	   8.0977776e-01	
   2.3166667e+01	   7.9904949e-01	   8.1328902e-01	
   2.3200000e+01	   8.0609973e-01	   8.1331631e-01	
   2.3233333e+01	   7.7680832e-01	   8.1489359e-01	
   2.3266667e+01	   8.1306046e-01	   8.1335979e-01	
   2.3300000e+01	   8.0410543e-01	   8.1503669e-01	
   2.3333333e+01	   8.6100271e-01	   8.1025722e-01	
   2.3366667e+01	   8.2899519e-01	   8.1168668e-01	
   2.3400000e+01	   8.0547219e-01	   8.1356723e-01	
   2.3433333e+01	   8.1736445e-01	   8.1458938e-01	
   2.3466667e+01	   7.8518275e-01	   8.1274650e-01	
   2.3500000e+01	   8.6717885e-01	   8.1698632e-01	
   2.3533333e+01	   7.8569866e-01	   8.1785490e-01	
   2.3566667e+01	   8.7201236e-01	   8.1586723e-01	
   2.3600000e+01	   7.4140584e-01	   8.1830724e-01	
   2.3633333e+01	   7.9858224e-01	   8.1733886e-01	
   2.3666667e+01	   8.5996273e-01	   8.1697064e-01	
   2.3700000e+01	   8.1736445e-01	   8.1451366e-01	
   2.3733333e+01	   8.1736445e-01	   8.1781009e-01	
   2.3766667e+01	   8.2298099e-01	   8.1868703e-01	
   2.3800000e+01	   8.1736445e-01	   8.1882586e-01	
   2.3833333e+01	   7.7312104e-01	   8.1872966e-01	
   2.3866667e+01	   8.0304837e-01	   8.1635290e-01	
   2.3900000e+01	   8.1736445e-01	   8.1932043e-01	
   2.3933333e+01	   8.2385900e-01	   8.1498041e-01	
   2.3966667e+01	   8.5330714e-01	   8.1448191e-01	
   2.4000000e+01	   8.2829949e-01	   8.1553159e-01	
   2.4033333e+01	   8.1341505e-01	   8.1527149e-01	
   2.4066667e+01	   7.7737380e-01	   8.1729253e-01	
   2.4100000e+01	   9.0415229e-01	   8.1261946e-01	
   2.4133333e+01	   8.0139257e-01	   8.1990641e-01	
   2.4166667e+01	   8.3370090e-01	   8.1833554e-01	
   2.4200000e+01	   7.2288319e-01	   8.1570907e-01	
   2.4233333e+01	   9.0828894e-01	   8.1662029e-01	
   2.4266667e+01	   8.0399336e-01	   8.1773306e-01	
   2.4300000e+01	   8.1736445e-01	   8.1588914e-01	
   2.4333333e+01	   8.0112325e-01	   8.1569481e-01	
   2.4366667e+01	   7.8732289e-01	   8.1519412e-01	
   2.4400000e+01	   9.2098888e-01	   8.1460780e-01	
   2.4433333e+01	   6.7093156e-01	   8.1525754e-01	
   2.4466667e+01	   8.0191078e-01	   8.1913417e-01	
   2.4500000e+01	   8.1772302e-01	   8.1476336e-01	
   2.4533333e+01	   8.5911554e-01	   8.1621914e-01	
   2.4566667e+01	   8.4835091e-01	   8.1549110e-01	
   2.4600000e+01	   7.2714709e-01	   8.1522648e-01	
   2.4633333e+01	   9.6730145e-01	   8.1215947e-01	
   2.4666667e+01	   7.4988513e-01	   8.1504952e-01	
   2.4700000e+01	   7.7854216e-01	   8.1614980e-01	
   2.4733333e+01	   8.4561241e-01	   8.1946023e-01	
   2.4766667e+01	   8.5186045e-01	   8.1482227e-01	
   2.4800000e+01	   7.6581918e-01	   8.1719187e-01	
   2.4833333e+01	   8.1134025e-01	   8.1922625e-01	
   2.4866667e+01	   7.5759972e-01	   8.1838928e-01	
   2.4900000e+01	   7.8487265e-01	   8.1973804e-01	
   2.4933333e+01	   8.3750619e-01	   8.1855852e-01	
   2.4966667e+01	   9.4403447e-01	   8.2435105e-01	
   2.5000000e+01	   7.1781215e-01	   8.2400925e-01	
   2.5033333e+01	   8.7342855e-01	   8.2614462e-01	
   2.5066667e+01	   7.9084580e-01	   8.2408406e-01	
   2.5100000e+01	   7.6917061e-01	   8.2504541e-01	
   2.5133333e+01	   8.0907520e-01	   8.2708580e-01	
   2.5166667e+01	   8.9098390e-01	   8.2092354e-01	
   2.5200000e+01	   8.6780973e-01	   8.2395218e-01	
   2.5233333e+01	   8.2550638e-01	   8.2608125e-01	
   2.5266667e+01	   7.6451230e-01	   8.2643955e-01	
   2.5300000e+01	   8.7745093e-01	   8.2439074e-01	
   2.5333333e+01	   8.8043013e-01	   8.2743507e-01	
   2.5366667e+01	   7.7517729e-01	   8.2663532e-01	
   2.5400000e+01	   8.2913452e-01	   8.3304621e-01	
   2.5433333e+01	   8.8442382e-01	   8.3171781e-01	
   2.5466667e+01	   8.5049979e-01	   8.3162453e-01	
   2.5500000e+01	   7.9131492e-01	   8.2710571e-01	
   2.5533333e+01	   8.8391952e-01	   8.3238293e-01	
   2.5566667e+01	   7.9523838e-01	   8.3096177e-01	
   2.5600000e+01	   8.7815249e-01	   8.3158988e-01	
   2.5633333e+01	   7.9039932e-01	   8.3334407e-01	
   2.5666667e+01	   7.7627129e-01	   8.3436006e-01	
   2.5700000e+01	   8.4377296e-01	   8.3587007e-01	
   2.5733333e+01	   8.4454360e-01	   8.3254276e-01	
   2.5766667e+01	   8.5671965e-01	   8.3219263e-01	
   2.5800000e+01	   7.8834720e-01	   8.3567582e-01	
   2.5833333e+01	   8.6019348e-01	   8.3819203e-01	
   2.5866667e+01	   7.8654795e-01	   8.3195311e-01	
   2.5900000e+01	   9.5633724e-01	   8.3493416e-01	
   2.5933333e+01	   7.4369222e-01	   8.3671826e-01	
   2.5966667e+01	   8.3461450e-01	   8.3275245e-01	
   2.6000000e+01	   8.0395126e-01	   8.3411577e-01	
   2.6033333e+01	   8.8140589e-01	   8.3537115e-01	
   2.6066667e+01	   8.2937270e-01	   8.3107420e-01	
   2.6100000e+01	   8.1031718e-01	   8.3489153e-01	
   2.6133333e+01	   8.2355038e-01	   8.3290310e-01	
   2.6166667e+01	   8.4057097e-01	   8.3672130e-01	
   2.6200000e+01	   9.3779428e-01	   8.3792898e-01	
   2.6233333e+01	   7.6466304e-01	   8.3485852e-01	
   2.6266667e+01	   8.1465224e-01	   8.3885878e-01	
   2.6300000e+01	   8.7249120e-01	   8.3458275e-01	
   2.6333333e+01	   9.5545361e-01	   8.3972670e-01	
   2.6366667e+01	   6.8702338e-01	   8.3771049e-01	
   2.6400000e+01	   8.6758996e-01	   8.3553083e-01	
   2.6433333e+01	   8.8444169e-01	   8.3618166e-01	
   2.6466667e+01	   7.6148358e-01	   8.3920363e-01	
   2.6500000e+01	   8.9276270e-01	   8.4071341e-01	
   2.6533333e+01	   8.3023186e-01	   8.4038916e-01	
   2.6566667e+01	   7.5071413e-01	   8.3840059e-01	
   2.6600000e+01	   9.1357533e-01	   8.4058568e-01	
   2.6633333e+01	   8.1651120e-01	   8.4332796e-01	
   2.6666667e+01	   9.0876374e-01	   8.4233613e-01	
   2.6700000e+01	   8.1370931e-01	   8.3868217e-01	
   2.6733333e+01	   7.4858855e-01	   8.4018357e-01	
   2.6766667e+01	   9.6855179e-01	   8.4211650e-01	
   2.6800000e+01	   7.2416281e-01	   8.4376548e-01	
   2.6833333e+01	   9.4780939e-01	   8.4295539e-01	
   2.6866667e+01	   7.9769117e-01	   8.3424928e-01	
   2.6900000e+01	   7.1897850e-01	   8.4549629e-01	
   2.6933333e+01	   9.7651284e-01	   8.4011753e-01	
   2.6966667e+01	   8.3737339e-01	   8.3977950e-01	
   2.7000000e+01	   8.8141759e-01	   8.4675837e-01	
   2.7033333e+01	   7.9389961e-01	   8.4149693e-01	
   2.7066667e+01	   8.1976031e-01	   8.4288776e-01	
   2.7100000e+01	   8.9711047e-01	   8.4866869e-01	
   2.7133333e+01	   8.9532769e-01	   8.4544519e-01	
   2.7166667e+01	   7.9280360e-01	   8.4449221e-01	
   2.7200000e+01	   7.2729831e-01	   8.4345927e-01	
   2.7233333e+01	   9.8433765e-01	   8.4243701e-01	
   2.7266667e+01	   8.2458389e-01	   8.4601787e-01	
   2.7300000e+01	   8.6577060e-01	   8.3800021e-01	
   2.7333333e+01	   8.4737841e-01	   8.4470773e-01	
   2.7366667e+01	   6.8556436e-01	   8.4429286e-01	
   2.7400000e+01	   1.0356805e+00	   8.4344192e-01	
   2.7433333e+01	   7.0084846e-01	   8.5065703e-01	
   2.7466667e+01	   8.7396287e-01	   8.4734066e-01	
   2.7500000e+01	   9.7782858e-01	   8.4687070e-01	
   2.7533333e+01	   7.2965799e-01	   8.4598465e-01	
   2.7566667e+01	   8.7334737e-01	   8.4494138e-01	
   2.7600000e+01	   9.2992310e-01	   8.4961293e-01	
   2.7633333e+01	   8.1364677e-01	   8.4368657e-01	
   2.7666667e+01	   7.8696882e-01	   8.4050264e-01	
   2.7700000e+01	   8.7674255e-01	   8.4463421e-01	
   2.7733333e+01	   7.8201932e-01	   8.5003433e-01	
   2.7766667e+01	   8.5959513e-01	   8.4556750e-01	
   2.7800000e+01	   7.2000444e-01	   8.5065673e-01	
   2.7833333e+01	   9.3209594e-01	   8.4663569e-01	
   2.7866667e+01	   9.3494845e-01	   8.4702028e-01	
   2.7900000e+01	   7.7131209e-01	   8.4793345e-01	
   2.7933333e+01	   9.4264671e-01	   8.4562939e-01	
   2.7966667e+01	   8.7370544e-01	   8.4453587e-01	
   2.8000000e+01	   8.2280480e-01	   8.4702437e-01	
   2.8033333e+01	   8.5394992e-01	   8.4461816e-01	
   2.8066667e+01	   7.6155829e-01	   8.4877344e-01	
   2.8100000e+01	   9.6457835e-01	   8.5013891e-01	
   2.8133333e+01	   7.1339323e-01	   8.4565144e-01	
   2.8166667e+01	   7.9662600e-01	   8.4974655e-01	
   2.8200000e+01	   9.2088228e-01	   8.4815392e-01	
   2.8233333e+01	   8.9470177e-01	   8.4564079e-01	
   2.8266667e+01	   8.4586616e-01	   8.4833976e-01	
   2.8300000e+01	   9.8234982e-01	   8.4844321e-01	
   2.8333333e+01	   7.4111834e-01	   8.5453252e-01	
   2.8366667e+01	   8.5930096e-01	   8.5232981e-01	
   2.8400000e+01	   7.1387252e-01	   8.4776194e-01	
   2.8433333e+01	   9.6425447e-01	   8.5007679e-01	
   2.8466667e+01	   6.6694952e-01	   8.4430950e-01	
   2.8500000e+01	   9.5110635e-01	   8.4722707e-01	
   2.8533333e+01	   9.0323592e-01	   8.4491969e-01	
   2.8566667e+01	   8.5847170e-01	   8.4856177e-01	
   2.8600000e+01	   9.1567713e-01	   8.4900989e-01	
   2.8633333e+01	   7.9081131e-01	   8.4568900e-01	
   2.8666667e+01	   9.4059545e-01	   8.4916780e-01	
   2.8700000e+01	   7.3759722e-01	   8.4942882e-01	
   2.8733333e+01	   7.9883559e-01	   8.4703353e-01	
   2.8766667e+01	   8.6568716e-01	   8.4346237e-01	
   2.8800000e+01	   8.6280208e-01	   8.4790841e-01	
   2.8833333e+01	   9.0877314e-01	   8.4590204e-01	
   2.8866667e+01	   8.6381207e-01	   8.4695223e-01	
   2.8900000e+01	   7.9334442e-01	   8.4600960e-01	
   2.8933333e+01	   8.4307231e-01	   8.4688995e-01	
   2.8966667e+01	   7.6386070e-01	   8.4469786e-01	
   2.9000000e+01	   9.6415013e-01	   8.4953008e-01	
   2.9033333e+01	   7.5127604e-01	   8.5009284e-01	
   2.9066667e+01	   9.6685429e-01	   8.4879168e-01	
   2.9100000e+01	   7.7545013e-01	   8.4505952e-01	
   2.9133333e+01	   8.6163071e-01	   8.4064158e-01	
   2.9166667e+01	   8.2123612e-01	   8.3884640e-01	
   2.9200000e+01	   8.0471764e-01	   8.4048535e-01	
   2.9233333e+01	   8.4662832e-01	   8.4473199e-01	
   2.9266667e+01	   7.8399586e-01	   8.4778103e-01	
   2.9300000e+01	   9.8369343e-01	   8.4117952e-01	
   2.9333333e+01	   9.2015219e-01	   8.4664228e-01	
   2.9366667e+01	   7.7367424e-01	   8.3859185e-01	
   2.9400000e+01	   8.3007951e-01	   8.4094735e-01	
   2.9433333e+01	   7.4116327e-01	   8.4601499e-01	
   2.9466667e+01	   8.9629971e-01	   8.4321613e-01	
   2.9500000e+01	   8.1674836e-01	   8.4672542e-01	
   2.9533333e+01	   9.6855179e-01	   8.4220598e-01	
   2.9566667e+01	   8.6289996e-01	   8.4732859e-01	
   2.9600000e+01	   7.4277497e-01	   8.4383312e-01	
   2.9633333e+01	   7.7872097e-01	   8.4611255e-01	
   2.9666667e+01	   7.3516052e-01	   8.4557744e-01	
   2.9700000e+01	   9.9140290e-01	   8.4250761e-01	
   2.9733333e+01	   8.6924305e-01	   8.4836257e-01	
   2.9766667e+01	   8.9335585e-01	   8.4906318e-01	
   2.9800000e+01	   6.6104033e-01	   8.4741228e-01	
   2.9833333e+01	   1.0321478e+00	   8.4572491e-01	
   2.9866667e+01	   6.5920983e-01	   8.4211878e-01	
   2.9900000e+01	   9.3683249e-01	   8.4275715e-01	
   2.9933333e+01	   9.5044119e-01	   8.4258191e-01	
   2.9966667e+01	   7.5630776e-01	   8.5056201e-01	
   3.0000000e+01	   8.7264862e-01	   8.4452369e-01	
   3.0033333e+01	   8.2404765e-01	   8.4868353e-01	
   3.0066667e+01	   9.1007694e-01	   8.4119630e-01	
   3.0100000e+01	   8.5849461e-01	   8.3853143e-01	
             NaN	             NaN	             NaN	
             NaN	             NaN	             NaN	
   3.0200000e+01	   7.3221092e-01	   8.4897074e-01	
   3.0233333e+01	   9.7451149e-01	   8.4244853e-01	
   3.0266667e+01	   8.6694592e-01	   8.4287991e-01	
   3.0300000e+01	   7.3611976e-01	   8.4343253e-01	
   3.0333333e+01	   9.3475985e-01	   8.5091461e-01	
   3.0366667e+01	   8.1557434e-01	   8.3893958e-01	
   3.0400000e+01	   7.9218700e-01	   8.4418169e-01	
   3.0433333e+01	   8.2499744e-01	   8.4087273e-01	
   3.0466667e+01	   9.7258637e-01	   8.3681464e-01	
   3.0500000e+01	   7.2118831e-01	   8.4181679e-01	
   3.0533333e+01	   9.3738362e-01	   8.3627883e-01	
   3.0566667e+01	   7.5142236e-01	   8.3788288e-01	
   3.0600000e+01	   7.8561873e-01	   8.4296153e-01	
   3.0633333e+01	   1.0978878e+00	   8.3127189e-01	
   3.0666667e+01	   5.6468209e-01	   8.3521879e-01	
   3.0700000e+01	   8.9682637e-01	   8.3345248e-01	
   3.0733333e+01	   8.0225886e-01	   8.3700131e-01	
   3.0766667e+01	   8.8175298e-01	   8.3489146e-01	
   3.0800000e+01	   9.0938205e-01	   8.2688708e-01	
   3.0833333e+01	   8.7802063e-01	   8.3452279e-01	
   3.0866667e+01	   6.8487178e-01	   8.2976594e-01	
   3.0900000e+01	   8.1123108e-01	   8.3098331e-01	
             NaN	             NaN	             NaN	
             NaN	             NaN	             NaN	
   3.1000000e+01	   8.9136583e-01	   8.2797113e-01	
   3.1033333e+01	   7.2312370e-01	   8.3262451e-01	
   3.1066667e+01	   8.6735694e-01	   8.2806827e-01	
   3.1100000e+01	   1.0472005e+00	   8.2714262e-01	
   3.1133333e+01	   5.4287444e-01	   8.3256049e-01	
   3.1166667e+01	   9.4178501e-01	   8.2447497e-01	
   3.1200000e+01	   7.8399586e-01	   8.2850247e-01	
   3.1233333e+01	   8.3512686e-01	   8.2606233e-01	
   3.1266667e+01	   9.1332574e-01	   8.2694394e-01	
   3.1300000e+01	   6.3481903e-01	   8.2714388e-01	
   3.1333333e+01	   9.5755527e-01	   8.2462132e-01	
   3.1366667e+01	   7.9681126e-01	   8.2473187e-01	
   3.1400000e+01	   8.5087820e-01	   8.2482629e-01	
   3.1433333e+01	   7.7226357e-01	   8.2990133e-01	
   3.1466667e+01	   9.2728283e-01	   8.3225602e-01	
   3.1500000e+01	   8.0287100e-01	   8.2376695e-01	
   3.1533333e+01	   8.5613628e-01	   8.2556950e-01	
   3.1566667e+01	   8.0525279e-01	   8.3098115e-01	
   3.1600000e+01	   7.2457853e-01	   8.2731971e-01	
   3.1633333e+01	   9.4273685e-01	   8.2116159e-01	
   3.1666667e+01	   8.6340773e-01	   8.2628309e-01	
   3.1700000e+01	   6.8147964e-01	   8.2735946e-01	
             NaN	             NaN	             NaN	
             NaN	             NaN	             NaN	
   3.1800000e+01	   8.8715149e-01	   8.2836382e-01	
   3.1833333e+01	   8.4127279e-01	   8.3553215e-01	
   3.1866667e+01	   8.8100548e-01	   8.3104530e-01	
   3.1900000e+01	   6.8742104e-01	   8.3236200e-01	
   3.1933333e+01	   9.4825728e-01	   8.3162135e-01	
   3.1966667e+01	   8.9583275e-01	   8.3537668e-01	
   3.2000000e+01	   5.8607282e-01	   8.2729316e-01	
   3.2033333e+01	   9.4363979e-01	   8.2831076e-01	
   3.2066667e+01	   8.8006168e-01	   7.9263841e-01	
   3.2100000e+01	   7.6117495e-01	   7.9208996e-01	
   3.2133333e+01	   8.6861526e-01	   7.9316248e-01	
   3.2166667e+01	   6.9139793e-01	   7.8706651e-01	
   3.2200000e+01	   9.7299950e-01	   7.8964998e-01	
   3.2233333e+01	   9.0152116e-01	   7.9195968e-01	
   3.2266667e+01	   8.3169011e-01	   7.9931902e-01	
             NaN	             NaN	             NaN	
             NaN	             NaN	             NaN	
   3.2366667e+01	   8.3641050e-01	   7.9892562e-01	
             NaN	             NaN	             NaN	
             NaN	             NaN	             NaN	
   3.2466667e+01	   8.6614670e-01	   7.9861664e-01	
   3.2500000e+01	   7.2519507e-01	   7.9456597e-01	
             NaN	             NaN	             NaN	
   3.2566667e+01	   0.0000000e+00	   7.9003564e-01	
             NaN	             NaN	             NaN	
   3.2633333e+01	   7.4924650e-01	   8.0233612e-01	
   3.2666667e+01	   8.0252945e-01	   8.0294113e-01	
   3.2700000e+01	   9.2282772e-01	   8.0146206e-01	
   3.2733333e+01	   7.3460256e-01	   7.9366491e-01	
   3.2766667e+01	   9.6858398e-01	   7.8852890e-01	
   3.2800000e+01	   8.3204041e-01	   7.8333467e-01	
   3.2833333e+01	   8.5393847e-01	   7.8779205e-01	
   3.2866667e+01	   8.3192943e-01	   7.8925947e-01	
   3.2900000e+01	   8.3277869e-01	   7.8711625e-01	
   3.2933333e+01	   6.5295938e-01	   7.8711625e-01	
   3.2966667e+01	   1.0232212e+00	   7.9263208e-01	
             NaN	             NaN	             NaN	
             NaN	             NaN	             NaN	
   3.3066667e+01	   6.3094897e-01	   8.0139779e-01	
   3.3100000e+01	   9.4782686e-01	   8.3624117e-01	
   3.3133333e+01	   9.7632091e-01	   8.3624117e-01	
   3.3166667e+01	   8.8253057e-01	   8.3853625e-01	
   3.3200000e+01	   6.5737934e-01	   8.4233406e-01	
             NaN	             NaN	             NaN	
             NaN	             NaN	             NaN	
   3.3300000e+01	   7.2261128e-01	   8.4412713e-01	
   3.3333333e+01	   8.8139717e-01	   8.5078005e-01	
   3.3366667e+01	   8.2154275e-01	   8.4702216e-01	
             NaN	             NaN	             NaN	
             NaN	             NaN	             NaN	
   3.3466667e+01	   9.1398053e-01	   8.6211284e-01	
   3.3500000e+01	   7.2166126e-01	   8.5294522e-01	
   3.3533333e+01	   9.7530530e-01	   8.5183550e-01	
   3.3566667e+01	   8.9738417e-01	   8.5675693e-01	
             NaN	             NaN	             NaN	
             NaN	             NaN	             NaN	
   3.3666667e+01	   8.0203331e-01	   8.5812566e-01	
   3.3700000e+01	   8.8987920e-01	   8.5710879e-01	
   3.3733333e+01	   9.4694662e-01	   8.6579268e-01	
   3.3766667e+01	   8.8613592e-01	   8.6966290e-01	
   3.3800000e+01	   8.3417218e-01	   8.6893789e-01	
   3.3833333e+01	   9.8505758e-01	   8.7221835e-01	
   3.3866667e+01	   7.6750711e-01	   8.7172506e-01	
   3.3900000e+01	   8.5716223e-01	   8.7338389e-01	
   3.3933333e+01	   1.0325278e+00	   8.7339862e-01	
   3.3966667e+01	   7.7506296e-01	   8.7187639e-01	
   3.4000000e+01	   8.1236596e-01	   8.7045889e-01	
   3.4033333e+01	   8.2631213e-01	   8.7842100e-01	
   3.4066667e+01	   9.7487106e-01	   8.6989608e-01	
   3.4100000e+01	   8.0140261e-01	   8.7073676e-01	
   3.4133333e+01	   9.7965105e-01	   8.7215011e-01	
   3.4166667e+01	   8.0826140e-01	   8.7365800e-01	
             NaN	             NaN	             NaN	
             NaN	             NaN	             NaN	
   3.4266667e+01	   9.5867800e-01	   8.6941790e-01	
   3.4300000e+01	   8.5153759e-01	   8.6906929e-01	
   3.4333333e+01	   8.0462298e-01	   8.7093559e-01	
   3.4366667e+01	   8.6906485e-01	   8.6789054e-01	
   3.4400000e+01	   8.6301335e-01	   8.7077454e-01	
   3.4433333e+01	   8.7376687e-01	   8.7419435e-01	
   3.4466667e+01	   8.3229861e-01	   8.6341072e-01	
   3.4500000e+01	   8.7570790e-01	   8.6680871e-01	
   3.4533333e+01	   9.3663837e-01	   8.6898642e-01	
   3.4566667e+01	   7.4513239e-01	   8.6994869e-01	
   3.4600000e+01	   9.2008258e-01	   8.6789824e-01	
   3.4633333e+01	   9.1031054e-01	   8.6011464e-01	
   3.4666667e+01	   9.1587877e-01	   8.5788879e-01	
   3.4700000e+01	   7.7706043e-01	   8.6227178e-01	
             NaN	             NaN	             NaN	
             NaN	             NaN	             NaN	
   3.4800000e+01	   8.7672345e-01	   8.5933579e-01	
   3.4833333e+01	   8.8456236e-01	   8.4889907e-01	
   3.4866667e+01	   9.0284126e-01	   8.5463630e-01	
   3.4900000e+01	   8.4537499e-01	   8.5826187e-01	
   3.4933333e+01	   9.4949706e-01	   8.5405540e-01	
   3.4966667e+01	   7.4136985e-01	   8.5444323e-01	
             NaN	             NaN	             NaN	
             NaN	             NaN	             NaN	
   3.5066667e+01	   8.5036896e-01	   8.4914062e-01	
   3.5100000e+01	   9.2360972e-01	   8.5225249e-01	
   3.5133333e+01	   6.0681262e-01	   8.4964364e-01	
   3.5166667e+01	   9.2400496e-01	   8.4721697e-01	
   3.5200000e+01	   9.1783594e-01	   8.4610922e-01	
   3.5233333e+01	   7.5391696e-01	   8.4560368e-01	
   3.5266667e+01	   1.0000135e+00	   8.4755154e-01	
   3.5300000e+01	   8.5001938e-01	   8.4755154e-01	
   3.5333333e+01	   5.6974633e-01	   8.1383140e-01	
   3.5366667e+01	   9.5952819e-01	   8.1100216e-01	
   3.5400000e+01	   9.6695513e-01	   7.9917084e-01	
   3.5433333e+01	   7.4943867e-01	   8.0309074e-01	
   3.5466667e+01	   8.8423816e-01	   8.0294398e-01	
   3.5500000e+01	   7.2928321e-01	   8.0110801e-01	
   3.5533333e+01	   8.3944365e-01	   8.1027361e-01	
   3.5566667e+01	   9.3274759e-01	   8.0823919e-01	
   3.5600000e+01	   8.2915301e-01	   8.0843762e-01	
             NaN	             NaN	             NaN	
             NaN	             NaN	             NaN	
   3.5700000e+01	   8.8818521e-01	   8.1342666e-01	
   3.5733333e+01	   7.6442174e-01	   7.9929352e-01	
   3.5766667e+01	   8.9624803e-01	   8.0459446e-01	
             NaN	             NaN	             NaN	
   3.5833333e+01	   0.0000000e+00	   7.9926890e-01	
             NaN	             NaN	             NaN	
   3.5900000e+01	   6.0705817e-01	   8.0253524e-01	
   3.5933333e+01	   9.4337243e-01	   7.9519192e-01	
   3.5966667e+01	   9.4582819e-01	   7.9923598e-01	
   3.6000000e+01	   6.9547048e-01	   7.9798347e-01	
   3.6033333e+01	   1.0394137e+00	   8.0308183e-01	
   3.6066667e+01	   7.5534427e-01	   8.0098860e-01	
   3.6100000e+01	   8.5572663e-01	   7.9271007e-01	
   3.6133333e+01	   8.9614670e-01	   7.9430220e-01	
   3.6166667e+01	   7.4535150e-01	   7.9584631e-01	
   3.6200000e+01	   9.4763295e-01	   7.9593952e-01	
   3.6233333e+01	   5.3624119e-01	   7.9352256e-01	
   3.6266667e+01	   8.9704242e-01	   7.9168730e-01	
   3.6300000e+01	   9.0644914e-01	   7.9196611e-01	
   3.6333333e+01	   7.9979370e-01	   7.9551220e-01	
   3.6366667e+01	   9.2589937e-01	   8.2420437e-01	
   3.6400000e+01	   6.9156632e-01	   8.2339802e-01	
   3.6433333e+01	   7.6868531e-01	   8.2410401e-01	
   3.6466667e+01	   8.5862842e-01	   8.2524803e-01	
   3.6500000e+01	   8.5042026e-01	   8.2000374e-01	
   3.6533333e+01	   8.6693891e-01	   8.2189328e-01	
   3.6566667e+01	   7.8292658e-01	   8.1984556e-01	
   3.6600000e+01	   7.0922732e-01	   8.1362279e-01	
   3.6633333e+01	   8.7214037e-01	   8.1379708e-01	
   3.6666667e+01	   8.3753747e-01	   8.1142047e-01	
   3.6700000e+01	   7.9854933e-01	   8.1584214e-01	
   3.6733333e+01	   8.1809348e-01	   8.1086848e-01	
   3.6766667e+01	   7.1119893e-01	   8.2050385e-01	
   3.6800000e+01	   9.0433368e-01	   8.1320245e-01	
   3.6833333e+01	   8.9834882e-01	   8.1380527e-01	
   3.6866667e+01	   8.6076495e-01	   8.1490968e-01	
   3.6900000e+01	   7.9920764e-01	   8.1173204e-01	
   3.6933333e+01	   6.2894370e-01	   8.1390588e-01	
   3.6966667e+01	   9.7883723e-01	   8.1541324e-01	
   3.7000000e+01	   7.8325505e-01	   8.1392306e-01	
   3.7033333e+01	   7.5404633e-01	   8.1194427e-01	
   3.7066667e+01	   9.7593436e-01	   8.1190365e-01	
   3.7100000e+01	   5.6243844e-01	   8.1077997e-01	
   3.7133333e+01	   8.6112965e-01	   8.1730036e-01	
   3.7166667e+01	   8.2247188e-01	   8.0907726e-01	
   3.7200000e+01	   8.8242300e-01	   8.0933817e-01	
   3.7233333e+01	   7.9344965e-01	   8.0876586e-01	
   3.7266667e+01	   8.3493773e-01	   8.1293790e-01	
   3.7300000e+01	   6.7069890e-01	   8.1254646e-01	
   3.7333333e+01	   9.2513665e-01	   8.0926835e-01	
   3.7366667e+01	   8.3403050e-01	   8.0596907e-01	
   3.7400000e+01	   8.2739236e-01	   8.0385690e-01	
   3.7433333e+01	   7.5895549e-01	   8.0611806e-01	
             NaN	             NaN	             NaN	
             NaN	             NaN	             NaN	
   3.7533333e+01	   7.9303553e-01	   8.0361826e-01	
   3.7566667e+01	   8.6576096e-01	   8.0614082e-01	
   3.7600000e+01	   7.5033972e-01	   8.0467938e-01	
   3.7633333e+01	   8.9831854e-01	   8.1210547e-01	
   3.7666667e+01	   6.3367070e-01	   8.0799721e-01	
   3.7700000e+01	   8.4510374e-01	   8.0603686e-01	
   3.7733333e+01	   7.8195219e-01	   8.0345922e-01	
   3.7766667e+01	   9.3908280e-01	   8.0513619e-01	
   3.7800000e+01	   6.9984726e-01	   8.0427233e-01	
             NaN	             NaN	             NaN	
             NaN	             NaN	             NaN	
   3.7900000e+01	   8.0373623e-01	   8.0015050e-01	
   3.7933333e+01	   8.6025909e-01	   7.9984932e-01	
   3.7966667e+01	   6.6523576e-01	   8.0263834e-01	
   3.8000000e+01	   8.8986428e-01	   7.9978908e-01	
   3.8033333e+01	   7.6844120e-01	   7.9978908e-01	
   3.8066667e+01	   8.2215565e-01	   8.0003921e-01	
   3.8100000e+01	   9.3647530e-01	   7.9678185e-01	
   3.8133333e+01	   7.6294299e-01	   7.9612559e-01	
   3.8166667e+01	   7.5020649e-01	   7.8872619e-01	
   3.8200000e+01	   7.6954261e-01	   7.9508003e-01	
   3.8233333e+01	   8.1282666e-01	   7.9036894e-01	
   3.8266667e+01	   8.3872771e-01	   7.9069266e-01	
   3.8300000e+01	   8.1161358e-01	   7.5457409e-01	
   3.8333333e+01	   6.3604014e-01	   7.5676317e-01	
   3.8366667e+01	   9.0562338e-01	   7.5863716e-01	
   3.8400000e+01	   7.7691310e-01	   7.5849253e-01	
   3.8433333e+01	   8.1926062e-01	   7.6141293e-01	
   3.8466667e+01	   8.3425892e-01	   7.5988513e-01	
   3.8500000e+01	   7.2285897e-01	   7.6892226e-01	
             NaN	             NaN	             NaN	
             NaN	             NaN	             NaN	
   3.8600000e+01	   7.7781243e-01	   7.5988363e-01	
   3.8633333e+01	   7.3262070e-01	   7.5546052e-01	
   3.8666667e+01	   6.9853451e-01	   7.6032979e-01	
   3.8700000e+01	   8.0522443e-01	   7.6186449e-01	
   3.8733333e+01	   7.1790443e-01	   7.5825178e-01	
             NaN	             NaN	             NaN	
   3.8800000e+01	   0.0000000e+00	   7.6197271e-01	
             NaN	             NaN	             NaN	
   3.8866667e+01	   8.0548691e-01	   7.6718518e-01	
   3.8900000e+01	   7.5473218e-01	   7.5805901e-01	
   3.8933333e+01	   8.8258703e-01	   7.6038677e-01	
   3.8966667e+01	   8.1900847e-01	   7.6132409e-01	
   3.9000000e+01	   9.0923845e-01	   7.6131563e-01	
   3.9033333e+01	   6.8132341e-01	   7.6332634e-01	
   3.9066667e+01	   7.8534670e-01	   7.6610138e-01	
   3.9100000e+01	   7.6974780e-01	   7.6575285e-01	
   3.9133333e+01	   8.1705141e-01	   7.6354133e-01	
   3.9166667e+01	   8.9441342e-01	   7.7022726e-01	
   3.9200000e+01	   7.9164328e-01	   7.7517344e-01	
   3.9233333e+01	   6.7199933e-01	   7.7564876e-01	
   3.9266667e+01	   8.7348030e-01	   7.8253985e-01	
   3.9300000e+01	   8.7853928e-01	   7.7707104e-01	
   3.9333333e+01	   6.9366145e-01	   8.0186857e-01	
   3.9366667e+01	   8.9472898e-01	   8.0571265e-01	
   3.9400000e+01	   6.5921678e-01	   8.0458065e-01	
   3.9433333e+01	   8.3976266e-01	   8.0711840e-01	
   3.9466667e+01	   8.4456817e-01	   8.0421224e-01	
   3.9500000e+01	   8.3403050e-01	   8.0602404e-01	
   3.9533333e+01	   7.7714820e-01	   8.0258356e-01	
   3.9566667e+01	   8.4102756e-01	   8.0676494e-01	
   3.9600000e+01	   7.5599375e-01	   8.0752988e-01	
   3.9633333e+01	   7.1367843e-01	   8.0892921e-01	
   3.9666667e+01	   9.2651286e-01	   8.0861682e-01	
   3.9700000e+01	   8.4197371e-01	   8.0518496e-01	
   3.9733333e+01	   8.1900847e-01	   8.0574919e-01	
   3.9766667e+01	   9.1774614e-01	   8.1156441e-01	
   3.9800000e+01	   6.1847563e-01	   8.0875005e-01	
   3.9833333e+01	   7.4392596e-01	   8.0542675e-01	
   3.9866667e+01	   9.2103497e-01	   8.1101502e-01	
   3.9900000e+01	   7.7039484e-01	   8.0660902e-01	
   3.9933333e+01	   8.3340253e-01	   8.1479747e-01	
   3.9966667e+01	   7.9249601e-01	   8.1332893e-01	
   4.0000000e+01	   8.7517415e-01	   8.1137648e-01	
