   0.0000000e+00	             NaN	
   4.0000000e-02	   1.9056495e+00	
   8.0000000e-02	   1.9622043e+00	
   1.2000000e-01	   1.7716198e+00	
   1.6000000e-01	   1.9760475e+00	
   2.0000000e-01	   1.7949088e+00	
   2.4000000e-01	   1.8278817e+00	
   2.8000000e-01	   1.9099335e+00	
   3.2000000e-01	   1.9318768e+00	
   3.6000000e-01	   1.8471061e+00	
   4.0000000e-01	   1.8117097e+00	
   4.4000000e-01	   1.8248450e+00	
   4.8000000e-01	   1.9380447e+00	
   5.2000000e-01	   1.8081015e+00	
   5.6000000e-01	   1.8080938e+00	
   6.0000000e-01	   1.9307647e+00	
   6.4000000e-01	   1.7575606e+00	
   6.8000000e-01	   2.0278782e+00	
   7.2000000e-01	   1.9056225e+00	
   7.6000000e-01	   1.7904094e+00	
   8.0000000e-01	   1.8907214e+00	
   8.4000000e-01	   2.0144613e+00	
   8.8000000e-01	   1.7926152e+00	
   9.2000000e-01	   1.8722579e+00	
   9.6000000e-01	   1.9213465e+00	
   1.0000000e+00	   2.0091073e+00	
   1.0400000e+00	   1.7689110e+00	
   1.0800000e+00	   1.9723054e+00	
   1.1200000e+00	   1.8533045e+00	
   1.1600000e+00	   1.9132538e+00	
   1.2000000e+00	   1.8236141e+00	
   1.2400000e+00	   1.8353829e+00	
   1.2800000e+00	   1.9288622e+00	
   1.3200000e+00	   1.7738935e+00	
   1.3600000e+00	   1.9085579e+00	
   1.4000000e+00	   1.8721778e+00	
   1.4400000e+00	   1.8467214e+00	
   1.4800000e+00	   1.8658583e+00	
   1.5200000e+00	   1.9169712e+00	
   1.5600000e+00	   1.8727883e+00	
   1.6000000e+00	   1.9341500e+00	
   1.6400000e+00	   1.8404434e+00	
   1.6800000e+00	   1.9137962e+00	
   1.7200000e+00	   1.9723607e+00	
   1.7600000e+00	   1.9169904e+00	
   1.8000000e+00	   1.9998867e+00	
   1.8400000e+00	   1.9294028e+00	
   1.8800000e+00	   1.8227387e+00	
   1.9200000e+00	   1.9485433e+00	
   1.9600000e+00	   1.8533954e+00	
   2.0000000e+00	   1.9925287e+00	
   2.0400000e+00	   1.8963929e+00	
   2.0800000e+00	   2.0373016e+00	
   2.1200000e+00	   1.9284730e+00	
   2.1600000e+00	   2.0254726e+00	
   2.2000000e+00	   1.8427640e+00	
   2.2400000e+00	   1.8998215e+00	
   2.2800000e+00	   2.0063449e+00	
   2.3200000e+00	   1.8030322e+00	
   2.3600000e+00	   1.9511308e+00	
   2.4000000e+00	   1.9750733e+00	
   2.4400000e+00	   1.9408679e+00	
   2.4800000e+00	   1.9547122e+00	
   2.5200000e+00	   1.8424125e+00	
   2.5600000e+00	   1.9791558e+00	
   2.6000000e+00	   2.0063926e+00	
   2.6400000e+00	   1.8519252e+00	
   2.6800000e+00	   1.9688374e+00	
   2.7200000e+00	   1.9092163e+00	
   2.7600000e+00	   1.9393538e+00	
   2.8000000e+00	   1.9949706e+00	
   2.8400000e+00	   1.8332987e+00	
   2.8800000e+00	   1.9844691e+00	
   2.9200000e+00	   1.9624152e+00	
   2.9600000e+00	   1.7165711e+00	
   3.0000000e+00	   1.9486231e+00	
   3.0400000e+00	   1.9873766e+00	
   3.0800000e+00	   1.9363422e+00	
   3.1200000e+00	   1.8624421e+00	
   3.1600000e+00	   1.9720746e+00	
   3.2000000e+00	   1.8959102e+00	
   3.2400000e+00	   1.9700948e+00	
   3.2800000e+00	   1.8607324e+00	
   3.3200000e+00	   2.0543507e+00	
   3.3600000e+00	   1.7953136e+00	
   3.4000000e+00	   1.8485081e+00	
   3.4400000e+00	   1.9395007e+00	
   3.4800000e+00	   1.8592401e+00	
   3.5200000e+00	   2.0050019e+00	
   3.5600000e+00	   1.8158678e+00	
   3.6000000e+00	   2.0024342e+00	
   3.6400000e+00	   1.9452618e+00	
   3.6800000e+00	   1.8076233e+00	
   3.7200000e+00	   1.9665890e+00	
   3.7600000e+00	   1.7340943e+00	
   3.8000000e+00	   1.7974668e+00	
   3.8400000e+00	   1.8943727e+00	
   3.8800000e+00	   1.9480259e+00	
   3.9200000e+00	   1.7675086e+00	
   3.9600000e+00	   1.8056549e+00	
   4.0000000e+00	   1.8024901e+00	
   4.0400000e+00	   1.7201756e+00	
   4.0800000e+00	   1.7952126e+00	
   4.1200000e+00	   1.9536670e+00	
   4.1600000e+00	   1.6091141e+00	
   4.2000000e+00	   1.8565882e+00	
   4.2400000e+00	   1.7537977e+00	
   4.2800000e+00	   1.7373917e+00	
   4.3200000e+00	   1.7726315e+00	
   4.3600000e+00	   1.7822351e+00	
   4.4000000e+00	   1.6959624e+00	
   4.4400000e+00	   1.7892602e+00	
   4.4800000e+00	   1.7846527e+00	
   4.5200000e+00	   1.7499379e+00	
   4.5600000e+00	   1.7594867e+00	
   4.6000000e+00	   1.7515438e+00	
   4.6400000e+00	   1.7037723e+00	
   4.6800000e+00	   1.8106637e+00	
   4.7200000e+00	   1.7866583e+00	
   4.7600000e+00	   1.6870655e+00	
   4.8000000e+00	   1.9021231e+00	
   4.8400000e+00	   1.7753199e+00	
   4.8800000e+00	   1.7873329e+00	
   4.9200000e+00	   1.8293153e+00	
   4.9600000e+00	   1.7704232e+00	
   5.0000000e+00	   1.8769731e+00	
   5.0400000e+00	   1.7134657e+00	
   5.0800000e+00	   1.8739901e+00	
   5.1200000e+00	   1.8625036e+00	
   5.1600000e+00	   1.8283135e+00	
   5.2000000e+00	   1.8222628e+00	
   5.2400000e+00	   1.7923018e+00	
   5.2800000e+00	   1.7805480e+00	
   5.3200000e+00	   1.8966689e+00	
   5.3600000e+00	   1.7347279e+00	
   5.4000000e+00	   1.7884693e+00	
   5.4400000e+00	   1.7536727e+00	
   5.4800000e+00	   1.8648588e+00	
   5.5200000e+00	   1.8019170e+00	
   5.5600000e+00	   1.7011956e+00	
   5.6000000e+00	   1.7915632e+00	
   5.6400000e+00	   1.8065571e+00	
   5.6800000e+00	   1.8286605e+00	
   5.7200000e+00	   1.7563233e+00	
   5.7600000e+00	   1.8926505e+00	
   5.8000000e+00	   1.7852373e+00	
   5.8400000e+00	   1.7831801e+00	
   5.8800000e+00	   1.8667572e+00	
   5.9200000e+00	   1.8254614e+00	
   5.9600000e+00	   1.8200478e+00	
   6.0000000e+00	   1.8983528e+00	
   6.0400000e+00	   1.6838745e+00	
   6.0800000e+00	   1.9517666e+00	
   6.1200000e+00	   1.7020972e+00	
   6.1600000e+00	   1.9636011e+00	
   6.2000000e+00	   1.8160690e+00	
   6.2400000e+00	   1.7928713e+00	
   6.2800000e+00	   1.8915694e+00	
   6.3200000e+00	   1.9392826e+00	
   6.3600000e+00	   1.8263534e+00	
   6.4000000e+00	   1.8157472e+00	
   6.4400000e+00	   1.8072720e+00	
   6.4800000e+00	   1.9522829e+00	
   6.5200000e+00	   1.8537559e+00	
   6.5600000e+00	   1.8871734e+00	
   6.6000000e+00	   1.7990744e+00	
   6.6400000e+00	   1.9659655e+00	
   6.6800000e+00	   1.9110131e+00	
   6.7200000e+00	   1.7267000e+00	
   6.7600000e+00	   1.9101508e+00	
   6.8000000e+00	   1.8722304e+00	
   6.8400000e+00	   1.9714137e+00	
   6.8800000e+00	   1.8964992e+00	
   6.9200000e+00	   1.8729614e+00	
   6.9600000e+00	   1.9797824e+00	
   7.0000000e+00	   1.9771450e+00	
   7.0400000e+00	   1.8151693e+00	
   7.0800000e+00	   1.9043791e+00	
   7.1200000e+00	   1.9424680e+00	
   7.1600000e+00	   1.9861131e+00	
   7.2000000e+00	   1.7831307e+00	
   7.2400000e+00	   2.0710224e+00	
   7.2800000e+00	   1.8257990e+00	
   7.3200000e+00	   1.9414835e+00	
   7.3600000e+00	   1.8643595e+00	
   7.4000000e+00	   1.8167516e+00	
   7.4400000e+00	   1.9377251e+00	
   7.4800000e+00	   1.8880750e+00	
   7.5200000e+00	   1.8567024e+00	
   7.5600000e+00	   1.8707083e+00	
   7.6000000e+00	   1.8529383e+00	
   7.6400000e+00	   1.8059239e+00	
   7.6800000e+00	   1.8280225e+00	
   7.7200000e+00	   1.8355881e+00	
   7.7600000e+00	   1.9223859e+00	
   7.8000000e+00	   1.7657732e+00	
   7.8400000e+00	   1.8516250e+00	
   7.8800000e+00	   1.9554661e+00	
   7.9200000e+00	   1.8243432e+00	
   7.9600000e+00	   1.8895070e+00	
   8.0000000e+00	   1.9022272e+00	
   8.0400000e+00	   1.8311672e+00	
   8.0800000e+00	   1.9516842e+00	
   8.1200000e+00	   1.8098392e+00	
   8.1600000e+00	   1.9805221e+00	
   8.2000000e+00	   1.8869564e+00	
   8.2400000e+00	   1.8133986e+00	
   8.2800000e+00	   1.8803774e+00	
   8.3200000e+00	   1.8135635e+00	
   8.3600000e+00	   1.8842353e+00	
   8.4000000e+00	   1.8080389e+00	
   8.4400000e+00	   1.8957168e+00	
   8.4800000e+00	   1.8961688e+00	
   8.5200000e+00	   1.8495643e+00	
   8.5600000e+00	   1.7549354e+00	
   8.6000000e+00	   1.8358178e+00	
   8.6400000e+00	   1.9700909e+00	
   8.6800000e+00	   1.8551936e+00	
   8.7200000e+00	   1.7421145e+00	
   8.7600000e+00	   1.9139477e+00	
   8.8000000e+00	   1.7904939e+00	
   8.8400000e+00	   1.8590632e+00	
   8.8800000e+00	   1.8426890e+00	
   8.9200000e+00	   1.7852799e+00	
   8.9600000e+00	   1.9285148e+00	
   9.0000000e+00	   1.8790013e+00	
   9.0400000e+00	   1.9139484e+00	
   9.0800000e+00	   1.8764583e+00	
   9.1200000e+00	   1.9060171e+00	
   9.1600000e+00	   1.8078581e+00	
   9.2000000e+00	   1.8573712e+00	
   9.2400000e+00	   1.8522157e+00	
   9.2800000e+00	   1.9374909e+00	
   9.3200000e+00	   1.7456083e+00	
   9.3600000e+00	   1.9529527e+00	
   9.4000000e+00	   1.9285875e+00	
   9.4400000e+00	   1.8165303e+00	
   9.4800000e+00	   1.8371765e+00	
   9.5200000e+00	   1.9876419e+00	
   9.5600000e+00	   1.8907529e+00	
   9.6000000e+00	   1.9385206e+00	
   9.6400000e+00	   1.7044285e+00	
   9.6800000e+00	   1.8875337e+00	
   9.7200000e+00	   2.0206708e+00	
   9.7600000e+00	   1.8909199e+00	
   9.8000000e+00	   1.8165332e+00	
   9.8400000e+00	   1.8464789e+00	
   9.8800000e+00	   1.8873536e+00	
   9.9200000e+00	   1.8326057e+00	
   9.9600000e+00	   1.8570287e+00	
   1.0000000e+01	   1.8992054e+00	
   1.0040000e+01	   1.9593939e+00	
   1.0080000e+01	   1.8797618e+00	
   1.0120000e+01	   1.8306609e+00	
   1.0160000e+01	   1.8589917e+00	
   1.0200000e+01	   1.8213840e+00	
   1.0240000e+01	   1.9175274e+00	
   1.0280000e+01	   1.9525040e+00	
   1.0320000e+01	   1.8341523e+00	
   1.0360000e+01	   1.8762317e+00	
   1.0400000e+01	   1.9247638e+00	
   1.0440000e+01	   1.9258710e+00	
   1.0480000e+01	   1.6383337e+00	
   1.0520000e+01	   1.9515661e+00	
   1.0560000e+01	   1.8594968e+00	
   1.0600000e+01	   1.8344470e+00	
   1.0640000e+01	   1.8708081e+00	
   1.0680000e+01	   1.8533856e+00	
   1.0720000e+01	   1.8125489e+00	
   1.0760000e+01	   1.9922299e+00	
   1.0800000e+01	   1.8079061e+00	
   1.0840000e+01	   1.8587283e+00	
   1.0880000e+01	   1.9058782e+00	
   1.0920000e+01	   1.8835703e+00	
   1.0960000e+01	   1.7488734e+00	
   1.1000000e+01	   1.9359054e+00	
   1.1040000e+01	   1.8616252e+00	
   1.1080000e+01	   1.8535851e+00	
   1.1120000e+01	   1.9421403e+00	
   1.1160000e+01	   1.7618070e+00	
   1.1200000e+01	   1.8742468e+00	
   1.1240000e+01	   1.9603163e+00	
   1.1280000e+01	   1.8072140e+00	
   1.1320000e+01	   1.9687750e+00	
   1.1360000e+01	   1.8397105e+00	
   1.1400000e+01	   1.7012264e+00	
   1.1440000e+01	   1.9350928e+00	
   1.1480000e+01	   1.8637308e+00	
   1.1520000e+01	   1.7490428e+00	
   1.1560000e+01	   1.8238832e+00	
   1.1600000e+01	   1.8577026e+00	
   1.1640000e+01	   1.7449845e+00	
   1.1680000e+01	   1.7865009e+00	
   1.1720000e+01	   1.6920231e+00	
   1.1760000e+01	   1.8986402e+00	
   1.1800000e+01	   1.6680492e+00	
   1.1840000e+01	   1.7557014e+00	
   1.1880000e+01	   1.6831452e+00	
   1.1920000e+01	   1.6497813e+00	
   1.1960000e+01	   1.7500708e+00	
   1.2000000e+01	   1.6766319e+00	
   1.2040000e+01	   1.7640231e+00	
   1.2080000e+01	   1.6902476e+00	
   1.2120000e+01	   1.8941296e+00	
   1.2160000e+01	   1.6970500e+00	
   1.2200000e+01	   1.8492827e+00	
   1.2240000e+01	   1.6964270e+00	
   1.2280000e+01	   1.7635387e+00	
   1.2320000e+01	   1.7801000e+00	
   1.2360000e+01	   1.7733291e+00	
   1.2400000e+01	   1.8670864e+00	
   1.2440000e+01	   1.7426872e+00	
   1.2480000e+01	   1.7985730e+00	
   1.2520000e+01	   1.6785339e+00	
   1.2560000e+01	   1.8366189e+00	
   1.2600000e+01	   1.7878649e+00	
   1.2640000e+01	   1.7320103e+00	
   1.2680000e+01	   1.8257850e+00	
   1.2720000e+01	   1.7091872e+00	
   1.2760000e+01	   1.7772646e+00	
   1.2800000e+01	   1.7965551e+00	
   1.2840000e+01	   1.7734031e+00	
   1.2880000e+01	   1.7111072e+00	
   1.2920000e+01	   1.8011452e+00	
   1.2960000e+01	   1.6654902e+00	
   1.3000000e+01	   1.8121578e+00	
   1.3040000e+01	   1.8628983e+00	
   1.3080000e+01	   1.6044810e+00	
   1.3120000e+01	   1.8941569e+00	
   1.3160000e+01	   1.8033296e+00	
   1.3200000e+01	   1.8148161e+00	
   1.3240000e+01	   1.7745425e+00	
   1.3280000e+01	   1.8084875e+00	
   1.3320000e+01	   1.7979200e+00	
   1.3360000e+01	   1.8619463e+00	
   1.3400000e+01	   1.7669594e+00	
   1.3440000e+01	   1.9167227e+00	
   1.3480000e+01	   1.7233741e+00	
   1.3520000e+01	   1.8860398e+00	
   1.3560000e+01	   1.7588985e+00	
   1.3600000e+01	   1.8792930e+00	
   1.3640000e+01	   1.7944043e+00	
   1.3680000e+01	   1.9318210e+00	
   1.3720000e+01	   1.8276717e+00	
   1.3760000e+01	   1.8797452e+00	
   1.3800000e+01	   1.7938955e+00	
   1.3840000e+01	   1.8228062e+00	
   1.3880000e+01	   1.9013768e+00	
   1.3920000e+01	   1.8341334e+00	
   1.3960000e+01	   1.9265458e+00	
   1.4000000e+01	   1.7921514e+00	
   1.4040000e+01	   1.9538147e+00	
   1.4080000e+01	   1.7888255e+00	
   1.4120000e+01	   1.8790177e+00	
   1.4160000e+01	   1.8899992e+00	
   1.4200000e+01	   1.8964988e+00	
   1.4240000e+01	   1.9930469e+00	
   1.4280000e+01	   1.6952139e+00	
   1.4320000e+01	   1.9626758e+00	
   1.4360000e+01	   1.8962401e+00	
   1.4400000e+01	   1.8621323e+00	
   1.4440000e+01	   1.8418544e+00	
   1.4480000e+01	   1.8127484e+00	
   1.4520000e+01	   1.9170087e+00	
   1.4560000e+01	   1.8482222e+00	
   1.4600000e+01	   1.9076436e+00	
   1.4640000e+01	   1.9025150e+00	
   1.4680000e+01	   1.7271469e+00	
   1.4720000e+01	   1.8602012e+00	
   1.4760000e+01	   1.8931991e+00	
   1.4800000e+01	   1.8256885e+00	
   1.4840000e+01	   1.7692570e+00	
   1.4880000e+01	   1.8185730e+00	
   1.4920000e+01	   1.8547902e+00	
   1.4960000e+01	   1.8359767e+00	
   1.5000000e+01	   1.8199791e+00	
   1.5040000e+01	   1.7557957e+00	
   1.5080000e+01	   1.9296404e+00	
   1.5120000e+01	   1.8051935e+00	
   1.5160000e+01	   1.7955103e+00	
   1.5200000e+01	   2.0247185e+00	
   1.5240000e+01	   1.6575491e+00	
   1.5280000e+01	   1.8619525e+00	
   1.5320000e+01	   1.8585841e+00	
   1.5360000e+01	   1.9109252e+00	
   1.5400000e+01	   1.7174198e+00	
   1.5440000e+01	   2.0259230e+00	
   1.5480000e+01	   1.8096864e+00	
   1.5520000e+01	   1.8186941e+00	
   1.5560000e+01	   1.9042422e+00	
   1.5600000e+01	   1.8018910e+00	
   1.5640000e+01	   1.8276977e+00	
   1.5680000e+01	   1.8254708e+00	
   1.5720000e+01	   1.8502753e+00	
   1.5760000e+01	   1.7733943e+00	
   1.5800000e+01	   1.8229886e+00	
   1.5840000e+01	   1.8486323e+00	
   1.5880000e+01	   1.7664861e+00	
   1.5920000e+01	   1.7994168e+00	
   1.5960000e+01	   1.9114725e+00	
   1.6000000e+01	   1.7744169e+00	
   1.6040000e+01	   1.7739723e+00	
   1.6080000e+01	   1.8337749e+00	
   1.6120000e+01	   1.7060921e+00	
   1.6160000e+01	   1.9586254e+00	
   1.6200000e+01	   1.8050226e+00	
   1.6240000e+01	   1.8750642e+00	
   1.6280000e+01	   1.7042444e+00	
   1.6320000e+01	   1.9391951e+00	
   1.6360000e+01	   1.8191009e+00	
   1.6400000e+01	   1.7998210e+00	
   1.6440000e+01	   1.8358611e+00	
   1.6480000e+01	   1.8446515e+00	
   1.6520000e+01	   1.8061940e+00	
   1.6560000e+01	   1.8645569e+00	
   1.6600000e+01	   1.8642456e+00	
   1.6640000e+01	   1.7255657e+00	
   1.6680000e+01	   1.9116774e+00	
   1.6720000e+01	   1.8372902e+00	
   1.6760000e+01	   1.8746883e+00	
   1.6800000e+01	   1.8605084e+00	
   1.6840000e+01	   1.6915285e+00	
   1.6880000e+01	   1.8596256e+00	
   1.6920000e+01	   1.9944397e+00	
   1.6960000e+01	   1.7807810e+00	
   1.7000000e+01	   1.7309797e+00	
   1.7040000e+01	   1.8727637e+00	
   1.7080000e+01	   1.8867849e+00	
   1.7120000e+01	   1.8266565e+00	
   1.7160000e+01	   1.8450815e+00	
   1.7200000e+01	   1.7478394e+00	
   1.7240000e+01	   1.9680852e+00	
   1.7280000e+01	   1.7298608e+00	
   1.7320000e+01	   1.8779065e+00	
   1.7360000e+01	   1.8651027e+00	
   1.7400000e+01	   1.9038239e+00	
   1.7440000e+01	   1.7564778e+00	
   1.7480000e+01	   1.9308812e+00	
   1.7520000e+01	   1.8277050e+00	
   1.7560000e+01	   1.7965904e+00	
   1.7600000e+01	   1.7864026e+00	
   1.7640000e+01	   1.8496821e+00	
   1.7680000e+01	   1.9055255e+00	
   1.7720000e+01	   1.7157492e+00	
   1.7760000e+01	   1.9191813e+00	
   1.7800000e+01	   1.8669038e+00	
   1.7840000e+01	   1.8072342e+00	
   1.7880000e+01	   1.8368703e+00	
   1.7920000e+01	   1.7535513e+00	
   1.7960000e+01	   1.8673025e+00	
   1.8000000e+01	   1.8347190e+00	
   1.8040000e+01	   1.7822359e+00	
   1.8080000e+01	   1.8577929e+00	
   1.8120000e+01	   1.8838218e+00	
   1.8160000e+01	   1.7806989e+00	
   1.8200000e+01	   1.8228933e+00	
   1.8240000e+01	   1.8473106e+00	
   1.8280000e+01	   1.7890172e+00	
   1.8320000e+01	   1.9136800e+00	
   1.8360000e+01	   1.7651071e+00	
   1.8400000e+01	   1.8513879e+00	
   1.8440000e+01	   1.7792670e+00	
   1.8480000e+01	   1.9284730e+00	
   1.8520000e+01	   1.7724725e+00	
   1.8560000e+01	   1.9364121e+00	
   1.8600000e+01	   1.8417993e+00	
   1.8640000e+01	   1.6696395e+00	
   1.8680000e+01	   1.9247034e+00	
   1.8720000e+01	   1.7857325e+00	
   1.8760000e+01	   1.8391655e+00	
   1.8800000e+01	   1.9161002e+00	
   1.8840000e+01	   1.7068852e+00	
   1.8880000e+01	   1.9013834e+00	
   1.8920000e+01	   1.7492756e+00	
   1.8960000e+01	   1.9138496e+00	
   1.9000000e+01	   1.6508663e+00	
   1.9040000e+01	   1.8221007e+00	
   1.9080000e+01	   1.7050122e+00	
   1.9120000e+01	   1.7489455e+00	
   1.9160000e+01	   1.8149279e+00	
   1.9200000e+01	   1.7049561e+00	
   1.9240000e+01	   1.6624488e+00	
   1.9280000e+01	   1.7486039e+00	
   1.9320000e+01	   1.6605833e+00	
   1.9360000e+01	   1.7278171e+00	
   1.9400000e+01	   1.7066356e+00	
   1.9440000e+01	   1.7862100e+00	
   1.9480000e+01	   1.7369441e+00	
   1.9520000e+01	   1.8097946e+00	
   1.9560000e+01	   1.7362247e+00	
   1.9600000e+01	   1.8283509e+00	
   1.9640000e+01	   1.7128874e+00	
   1.9680000e+01	   1.8545916e+00	
   1.9720000e+01	   1.7582354e+00	
   1.9760000e+01	   1.7170233e+00	
   1.9800000e+01	   1.7882129e+00	
   1.9840000e+01	   1.7513963e+00	
   1.9880000e+01	   1.8358886e+00	
   1.9920000e+01	   1.6868819e+00	
   1.9960000e+01	   1.7940171e+00	
   2.0000000e+01	   1.7274238e+00	
   2.0040000e+01	   1.6774078e+00	
   2.0080000e+01	   1.9069997e+00	
   2.0120000e+01	   1.6469340e+00	
   2.0160000e+01	   1.7645738e+00	
   2.0200000e+01	   1.8154507e+00	
   2.0240000e+01	   1.7458047e+00	
   2.0280000e+01	   1.7963724e+00	
   2.0320000e+01	   1.9116178e+00	
   2.0360000e+01	   1.6822910e+00	
   2.0400000e+01	   1.8187745e+00	
   2.0440000e+01	   1.7477698e+00	
   2.0480000e+01	   1.8817675e+00	
   2.0520000e+01	   1.8093965e+00	
   2.0560000e+01	   1.7363032e+00	
   2.0600000e+01	   1.9030563e+00	
   2.0640000e+01	   1.7648151e+00	
   2.0680000e+01	   1.7071478e+00	
   2.0720000e+01	   1.9272943e+00	
   2.0760000e+01	   1.7303992e+00	
   2.0800000e+01	   1.9010500e+00	
   2.0840000e+01	   1.7734802e+00	
   2.0880000e+01	   1.9329804e+00	
   2.0920000e+01	   1.7221306e+00	
   2.0960000e+01	   1.8365571e+00	
   2.1000000e+01	   1.8930732e+00	
   2.1040000e+01	   1.8047000e+00	
   2.1080000e+01	   1.8153484e+00	
   2.1120000e+01	   1.7656639e+00	
   2.1160000e+01	   1.9345512e+00	
   2.1200000e+01	   1.7951900e+00	
   2.1240000e+01	   1.9566393e+00	
   2.1280000e+01	   1.7654497e+00	
   2.1320000e+01	   1.8588226e+00	
   2.1360000e+01	   1.8367849e+00	
   2.1400000e+01	   1.7391636e+00	
   2.1440000e+01	   1.9439150e+00	
   2.1480000e+01	   1.7777182e+00	
   2.1520000e+01	   1.9942489e+00	
   2.1560000e+01	   1.6870274e+00	
   2.1600000e+01	   1.9442524e+00	
   2.1640000e+01	   1.7526643e+00	
   2.1680000e+01	   1.7809202e+00	
   2.1720000e+01	   1.9001567e+00	
   2.1760000e+01	   1.7329251e+00	
   2.1800000e+01	   1.7941692e+00	
   2.1840000e+01	   1.9346644e+00	
   2.1880000e+01	   1.6483553e+00	
   2.1920000e+01	   1.7725525e+00	
   2.1960000e+01	   1.9028074e+00	
   2.2000000e+01	   1.8219768e+00	
   2.2040000e+01	   1.6811141e+00	
   2.2080000e+01	   1.8473219e+00	
   2.2120000e+01	   1.8597634e+00	
   2.2160000e+01	   1.6967524e+00	
   2.2200000e+01	   1.8231687e+00	
   2.2240000e+01	   1.9031690e+00	
   2.2280000e+01	   1.7464263e+00	
   2.2320000e+01	   1.8688381e+00	
   2.2360000e+01	   1.7315840e+00	
   2.2400000e+01	   1.8214851e+00	
   2.2440000e+01	   1.8040072e+00	
   2.2480000e+01	   1.8379227e+00	
   2.2520000e+01	   1.7975435e+00	
   2.2560000e+01	   1.8082680e+00	
   2.2600000e+01	   1.7700630e+00	
   2.2640000e+01	   1.7872132e+00	
   2.2680000e+01	   1.8593374e+00	
   2.2720000e+01	   1.7724941e+00	
   2.2760000e+01	   1.7995471e+00	
   2.2800000e+01	   1.7658433e+00	
   2.2840000e+01	   1.9088917e+00	
   2.2880000e+01	   1.7740514e+00	
   2.2920000e+01	   1.7203977e+00	
   2.2960000e+01	   1.7416157e+00	
   2.3000000e+01	   1.8480364e+00	
   2.3040000e+01	   1.8401778e+00	
   2.3080000e+01	   1.7956110e+00	
   2.3120000e+01	   1.6874144e+00	
   2.3160000e+01	   1.8147127e+00	
   2.3200000e+01	   1.7997376e+00	
   2.3240000e+01	   1.7923017e+00	
   2.3280000e+01	   1.8802387e+00	
   2.3320000e+01	   1.6893682e+00	
   2.3360000e+01	   1.7863822e+00	
   2.3400000e+01	   1.7900088e+00	
   2.3440000e+01	   1.8923043e+00	
   2.3480000e+01	   1.7241748e+00	
   2.3520000e+01	   1.9542797e+00	
   2.3560000e+01	   1.7192020e+00	
   2.3600000e+01	   1.6477101e+00	
   2.3640000e+01	   1.8782755e+00	
   2.3680000e+01	   1.8166743e+00	
   2.3720000e+01	   1.8559879e+00	
   2.3760000e+01	   1.7980358e+00	
   2.3800000e+01	   1.7894804e+00	
   2.3840000e+01	   1.8867218e+00	
   2.3880000e+01	   1.7503895e+00	
   2.3920000e+01	   1.7893208e+00	
   2.3960000e+01	   1.8023235e+00	
   2.4000000e+01	   1.7885126e+00	
   2.4040000e+01	   1.7761506e+00	
   2.4080000e+01	   1.8183370e+00	
   2.4120000e+01	   1.7343953e+00	
   2.4160000e+01	   1.8052241e+00	
   2.4200000e+01	   1.8534365e+00	
   2.4240000e+01	   1.7703590e+00	
   2.4280000e+01	   1.8367607e+00	
   2.4320000e+01	   1.7501333e+00	
   2.4360000e+01	   1.8227173e+00	
   2.4400000e+01	   1.8173809e+00	
   2.4440000e+01	   1.6815698e+00	
   2.4480000e+01	   1.8987213e+00	
   2.4520000e+01	   1.7711780e+00	
   2.4560000e+01	   1.8100470e+00	
   2.4600000e+01	   1.7645434e+00	
   2.4640000e+01	   1.8845159e+00	
   2.4680000e+01	   1.8076412e+00	
   2.4720000e+01	   1.7640097e+00	
   2.4760000e+01	   1.8470427e+00	
   2.4800000e+01	   1.6884058e+00	
   2.4840000e+01	   1.8221990e+00	
   2.4880000e+01	   1.8944838e+00	
   2.4920000e+01	   1.7007538e+00	
   2.4960000e+01	   1.7750271e+00	
   2.5000000e+01	   1.8305816e+00	
   2.5040000e+01	   1.7900166e+00	
   2.5080000e+01	   1.7759246e+00	
   2.5120000e+01	   1.8874182e+00	
   2.5160000e+01	   1.7233332e+00	
   2.5200000e+01	   1.7273490e+00	
   2.5240000e+01	   1.9259394e+00	
   2.5280000e+01	   1.7060259e+00	
   2.5320000e+01	   1.8703465e+00	
   2.5360000e+01	   1.7374689e+00	
   2.5400000e+01	   1.7100223e+00	
   2.5440000e+01	   1.8763380e+00	
   2.5480000e+01	   1.8187727e+00	
   2.5520000e+01	   1.8456431e+00	
   2.5560000e+01	   1.7101137e+00	
   2.5600000e+01	   1.8163039e+00	
   2.5640000e+01	   1.7157644e+00	
   2.5680000e+01	   1.7600507e+00	
   2.5720000e+01	   1.8501514e+00	
   2.5760000e+01	   1.8174469e+00	
   2.5800000e+01	   1.8953605e+00	
   2.5840000e+01	   1.6671393e+00	
   2.5880000e+01	   1.8350872e+00	
   2.5920000e+01	   1.7941369e+00	
   2.5960000e+01	   1.7272744e+00	
   2.6000000e+01	   1.7372821e+00	
   2.6040000e+01	   1.8114190e+00	
   2.6080000e+01	   1.7727991e+00	
   2.6120000e+01	   1.8071928e+00	
   2.6160000e+01	   1.7235623e+00	
   2.6200000e+01	   1.7569209e+00	
   2.6240000e+01	   1.7292900e+00	
   2.6280000e+01	   1.7409641e+00	
   2.6320000e+01	   1.6212580e+00	
   2.6360000e+01	   1.7490509e+00	
   2.6400000e+01	   1.6351474e+00	
   2.6440000e+01	   1.6916173e+00	
   2.6480000e+01	   1.6353184e+00	
   2.6520000e+01	   1.7097339e+00	
   2.6560000e+01	   1.7284760e+00	
   2.6600000e+01	   1.5925318e+00	
   2.6640000e+01	   1.7052735e+00	
   2.6680000e+01	   1.6378519e+00	
   2.6720000e+01	   1.8559250e+00	
   2.6760000e+01	   1.6483302e+00	
   2.6800000e+01	   1.6804255e+00	
   2.6840000e+01	   1.6920396e+00	
   2.6880000e+01	   1.7218757e+00	
   2.6920000e+01	   1.8280558e+00	
   2.6960000e+01	   1.8245885e+00	
   2.7000000e+01	   1.6965246e+00	
   2.7040000e+01	   1.7754006e+00	
   2.7080000e+01	   1.8277574e+00	
   2.7120000e+01	   1.7943204e+00	
   2.7160000e+01	   1.7985873e+00	
   2.7200000e+01	   1.8271784e+00	
   2.7240000e+01	   1.8540868e+00	
   2.7280000e+01	   1.6967112e+00	
   2.7320000e+01	   1.9537927e+00	
   2.7360000e+01	   1.7873996e+00	
   2.7400000e+01	   1.7953659e+00	
   2.7440000e+01	   1.7731634e+00	
   2.7480000e+01	   1.8197118e+00	
   2.7520000e+01	   1.8677306e+00	
   2.7560000e+01	   1.8467227e+00	
   2.7600000e+01	   1.8293764e+00	
   2.7640000e+01	   1.8037188e+00	
   2.7680000e+01	   1.7299606e+00	
   2.7720000e+01	   1.8827004e+00	
   2.7760000e+01	   1.7857394e+00	
   2.7800000e+01	   1.8552181e+00	
   2.7840000e+01	   1.7933891e+00	
   2.7880000e+01	   1.8400769e+00	
   2.7920000e+01	   1.8989383e+00	
   2.7960000e+01	   1.7625313e+00	
   2.8000000e+01	   1.8271386e+00	
   2.8040000e+01	   1.7598337e+00	
   2.8080000e+01	   1.8608658e+00	
   2.8120000e+01	   1.8607636e+00	
   2.8160000e+01	   1.9376466e+00	
   2.8200000e+01	   1.5736856e+00	
   2.8240000e+01	   1.8895403e+00	
   2.8280000e+01	   1.7354775e+00	
   2.8320000e+01	   1.8583153e+00	
   2.8360000e+01	   1.8010848e+00	
   2.8400000e+01	   1.6318715e+00	
   2.8440000e+01	   1.9728504e+00	
   2.8480000e+01	   1.6656808e+00	
   2.8520000e+01	   1.7501950e+00	
   2.8560000e+01	   1.8119337e+00	
   2.8600000e+01	   1.7685066e+00	
   2.8640000e+01	   1.7594335e+00	
   2.8680000e+01	   1.7950743e+00	
   2.8720000e+01	   1.7487176e+00	
   2.8760000e+01	   1.7558885e+00	
   2.8800000e+01	   1.7898587e+00	
   2.8840000e+01	   1.8089320e+00	
   2.8880000e+01	   1.6285993e+00	
   2.8920000e+01	   1.8268601e+00	
   2.8960000e+01	   1.7683127e+00	
   2.9000000e+01	   1.7047267e+00	
   2.9040000e+01	   1.7476189e+00	
   2.9080000e+01	   1.8131632e+00	
   2.9120000e+01	   1.7817300e+00	
   2.9160000e+01	   1.7138449e+00	
   2.9200000e+01	   1.7148518e+00	
   2.9240000e+01	   1.8765414e+00	
   2.9280000e+01	   1.6755453e+00	
   2.9320000e+01	   1.7664027e+00	
   2.9360000e+01	   1.8178484e+00	
   2.9400000e+01	   1.7566159e+00	
   2.9440000e+01	   1.7015998e+00	
   2.9480000e+01	   1.7750051e+00	
   2.9520000e+01	   1.7818369e+00	
   2.9560000e+01	   1.7258211e+00	
   2.9600000e+01	   1.7911650e+00	
   2.9640000e+01	   1.6552297e+00	
   2.9680000e+01	   1.8154702e+00	
   2.9720000e+01	   1.6922243e+00	
   2.9760000e+01	   1.7766955e+00	
   2.9800000e+01	   1.5964235e+00	
   2.9840000e+01	   1.8930972e+00	
   2.9880000e+01	   1.7156890e+00	
   2.9920000e+01	   1.7718195e+00	
   2.9960000e+01	   1.6784226e+00	
   3.0000000e+01	   1.7451978e+00	
   3.0040000e+01	   1.6993742e+00	
   3.0080000e+01	   1.8116130e+00	
   3.0120000e+01	   1.7289880e+00	
   3.0160000e+01	   1.7947240e+00	
   3.0200000e+01	   1.7497650e+00	
   3.0240000e+01	   1.7281262e+00	
   3.0280000e+01	   1.7474320e+00	
   3.0320000e+01	   1.7522644e+00	
   3.0360000e+01	   1.7814204e+00	
   3.0400000e+01	   1.6027349e+00	
   3.0440000e+01	   1.8267378e+00	
   3.0480000e+01	   1.8039314e+00	
   3.0520000e+01	   1.7095203e+00	
   3.0560000e+01	   1.8406511e+00	
   3.0600000e+01	   1.7076661e+00	
   3.0640000e+01	   1.7330997e+00	
   3.0680000e+01	   1.7801193e+00	
   3.0720000e+01	   1.6995141e+00	
   3.0760000e+01	   1.8556348e+00	
   3.0800000e+01	   1.7296307e+00	
   3.0840000e+01	   1.7917895e+00	
   3.0880000e+01	   1.7589665e+00	
   3.0920000e+01	   1.6536061e+00	
   3.0960000e+01	   1.7577108e+00	
   3.1000000e+01	   1.7677452e+00	
   3.1040000e+01	   1.7451036e+00	
   3.1080000e+01	   1.8092593e+00	
   3.1120000e+01	   1.6257310e+00	
   3.1160000e+01	   1.8819213e+00	
   3.1200000e+01	   1.6209030e+00	
   3.1240000e+01	   1.8587882e+00	
   3.1280000e+01	   1.7446149e+00	
   3.1320000e+01	   1.7033714e+00	
   3.1360000e+01	   1.8064610e+00	
   3.1400000e+01	   1.6602505e+00	
   3.1440000e+01	   1.8984868e+00	
   3.1480000e+01	   1.6848776e+00	
   3.1520000e+01	   1.7745253e+00	
   3.1560000e+01	   1.8376106e+00	
   3.1600000e+01	   1.6880957e+00	
   3.1640000e+01	   1.7005310e+00	
   3.1680000e+01	   1.8021545e+00	
   3.1720000e+01	   1.8526658e+00	
   3.1760000e+01	   1.6885204e+00	
   3.1800000e+01	   1.8075017e+00	
   3.1840000e+01	   1.7349551e+00	
   3.1880000e+01	   1.8480706e+00	
   3.1920000e+01	   1.7539208e+00	
   3.1960000e+01	   1.7066586e+00	
   3.2000000e+01	   1.8555619e+00	
   3.2040000e+01	   1.7763125e+00	
   3.2080000e+01	   1.7023328e+00	
   3.2120000e+01	   1.8051120e+00	
   3.2160000e+01	   1.8093895e+00	
   3.2200000e+01	   1.7119902e+00	
   3.2240000e+01	   1.8266469e+00	
   3.2280000e+01	   1.7081219e+00	
   3.2320000e+01	   1.8186081e+00	
   3.2360000e+01	   1.7374689e+00	
   3.2400000e+01	   1.8602543e+00	
   3.2440000e+01	   1.6727845e+00	
   3.2480000e+01	   1.8611894e+00	
   3.2520000e+01	   1.7814506e+00	
   3.2560000e+01	   1.7828091e+00	
   3.2600000e+01	   1.7648044e+00	
   3.2640000e+01	   1.7638648e+00	
   3.2680000e+01	   1.7565322e+00	
   3.2720000e+01	   1.7877151e+00	
   3.2760000e+01	   1.8080550e+00	
   3.2800000e+01	   1.7772014e+00	
   3.2840000e+01	   1.7812092e+00	
   3.2880000e+01	   1.7679756e+00	
   3.2920000e+01	   1.7293826e+00	
   3.2960000e+01	   1.7869552e+00	
   3.3000000e+01	   1.7704210e+00	
   3.3040000e+01	   1.7993107e+00	
   3.3080000e+01	   1.6391739e+00	
   3.3120000e+01	   1.8076931e+00	
   3.3160000e+01	   1.7216616e+00	
   3.3200000e+01	   1.7070073e+00	
   3.3240000e+01	   1.6863375e+00	
   3.3280000e+01	   1.5528000e+00	
   3.3320000e+01	   1.8547994e+00	
   3.3360000e+01	   1.5763785e+00	
   3.3400000e+01	   1.6711348e+00	
   3.3440000e+01	   1.6834556e+00	
   3.3480000e+01	   1.6701676e+00	
   3.3520000e+01	   1.5839803e+00	
   3.3560000e+01	   1.6217727e+00	
   3.3600000e+01	   1.6210486e+00	
   3.3640000e+01	   1.7432731e+00	
   3.3680000e+01	   1.7529422e+00	
   3.3720000e+01	   1.7337489e+00	
   3.3760000e+01	   1.6361198e+00	
   3.3800000e+01	   1.7493166e+00	
   3.3840000e+01	   1.6599601e+00	
   3.3880000e+01	   1.8093520e+00	
   3.3920000e+01	   1.6731516e+00	
   3.3960000e+01	   1.8425164e+00	
   3.4000000e+01	   1.7998426e+00	
   3.4040000e+01	   1.6563255e+00	
   3.4080000e+01	   1.8629417e+00	
   3.4120000e+01	   1.7073084e+00	
   3.4160000e+01	   1.7635202e+00	
   3.4200000e+01	   1.7346269e+00	
   3.4240000e+01	   1.8467540e+00	
   3.4280000e+01	   1.8410501e+00	
   3.4320000e+01	   1.7339097e+00	
   3.4360000e+01	   1.7437574e+00	
   3.4400000e+01	   1.8509683e+00	
   3.4440000e+01	   1.5689073e+00	
   3.4480000e+01	   1.8308979e+00	
   3.4520000e+01	   1.8685939e+00	
   3.4560000e+01	   1.7505983e+00	
   3.4600000e+01	   1.7995381e+00	
   3.4640000e+01	   1.7866446e+00	
   3.4680000e+01	   1.8338317e+00	
   3.4720000e+01	   1.7071970e+00	
   3.4760000e+01	   1.8231427e+00	
   3.4800000e+01	   1.7286310e+00	
   3.4840000e+01	   1.7666845e+00	
   3.4880000e+01	   1.9457833e+00	
   3.4920000e+01	   1.5518923e+00	
   3.4960000e+01	   1.8829651e+00	
   3.5000000e+01	   1.6612344e+00	
   3.5040000e+01	   1.8782605e+00	
   3.5080000e+01	   1.7087009e+00	
   3.5120000e+01	   1.7687379e+00	
   3.5160000e+01	   1.7267176e+00	
   3.5200000e+01	   1.7387664e+00	
   3.5240000e+01	   1.8640314e+00	
   3.5280000e+01	   1.6779290e+00	
   3.5320000e+01	   1.6840402e+00	
   3.5360000e+01	   1.8024112e+00	
   3.5400000e+01	   1.7860972e+00	
   3.5440000e+01	   1.7976648e+00	
   3.5480000e+01	   1.7837605e+00	
   3.5520000e+01	   1.6480868e+00	
   3.5560000e+01	   1.8439944e+00	
   3.5600000e+01	   1.6842569e+00	
   3.5640000e+01	   1.7585863e+00	
   3.5680000e+01	   1.7531972e+00	
   3.5720000e+01	   1.7492253e+00	
   3.5760000e+01	   1.7783661e+00	
   3.5800000e+01	   1.7481948e+00	
   3.5840000e+01	   1.8002289e+00	
   3.5880000e+01	   1.6497724e+00	
   3.5920000e+01	   1.8227843e+00	
   3.5960000e+01	   1.7523958e+00	
   3.6000000e+01	   1.7976526e+00	
   3.6040000e+01	   1.7144280e+00	
   3.6080000e+01	   1.8010943e+00	
   3.6120000e+01	   1.7843857e+00	
   3.6160000e+01	   1.6818569e+00	
   3.6200000e+01	   1.8417645e+00	
   3.6240000e+01	   1.7876331e+00	
   3.6280000e+01	   1.7879823e+00	
   3.6320000e+01	   1.6865368e+00	
   3.6360000e+01	   1.7673388e+00	
   3.6400000e+01	   1.8338430e+00	
   3.6440000e+01	   1.6447662e+00	
   3.6480000e+01	   1.7941210e+00	
   3.6520000e+01	   1.7139081e+00	
   3.6560000e+01	   1.7468978e+00	
   3.6600000e+01	   1.8089372e+00	
   3.6640000e+01	   1.6390392e+00	
   3.6680000e+01	   1.7979198e+00	
   3.6720000e+01	   1.7658308e+00	
   3.6760000e+01	   1.7000429e+00	
   3.6800000e+01	   1.7972224e+00	
   3.6840000e+01	   1.6942097e+00	
   3.6880000e+01	   1.7194758e+00	
   3.6920000e+01	   1.7828474e+00	
   3.6960000e+01	   1.7629345e+00	
   3.7000000e+01	   1.7157338e+00	
   3.7040000e+01	   1.7760277e+00	
   3.7080000e+01	   1.7122430e+00	
   3.7120000e+01	   1.7524890e+00	
   3.7160000e+01	   1.6889524e+00	
   3.7200000e+01	   1.8595644e+00	
   3.7240000e+01	   1.7663215e+00	
   3.7280000e+01	   1.6962514e+00	
   3.7320000e+01	   1.8034920e+00	
   3.7360000e+01	   1.7224836e+00	
   3.7400000e+01	   1.6406780e+00	
   3.7440000e+01	   1.9076715e+00	
   3.7480000e+01	   1.7308686e+00	
   3.7520000e+01	   1.8090607e+00	
   3.7560000e+01	   1.5902533e+00	
   3.7600000e+01	   1.8563421e+00	
   3.7640000e+01	   1.7726963e+00	
   3.7680000e+01	   1.6847206e+00	
   3.7720000e+01	   1.9264744e+00	
   3.7760000e+01	   1.6228881e+00	
   3.7800000e+01	   1.7343806e+00	
   3.7840000e+01	   1.7414851e+00	
   3.7880000e+01	   1.7847696e+00	
   3.7920000e+01	   1.6439952e+00	
   3.7960000e+01	   1.6856245e+00	
   3.8000000e+01	   1.7816959e+00	
   3.8040000e+01	   1.7058073e+00	
   3.8080000e+01	   1.7652031e+00	
   3.8120000e+01	   1.6955105e+00	
   3.8160000e+01	   1.6932832e+00	
   3.8200000e+01	   1.7495830e+00	
   3.8240000e+01	   1.7385790e+00	
   3.8280000e+01	   1.6919767e+00	
   3.8320000e+01	   1.7144464e+00	
   3.8360000e+01	   1.7407242e+00	
   3.8400000e+01	   1.7617048e+00	
   3.8440000e+01	   1.6689791e+00	
   3.8480000e+01	   1.8887733e+00	
   3.8520000e+01	   1.5902277e+00	
   3.8560000e+01	   1.8070665e+00	
   3.8600000e+01	   1.7189156e+00	
   3.8640000e+01	   1.7596524e+00	
   3.8680000e+01	   1.7549491e+00	
   3.8720000e+01	   1.6570823e+00	
   3.8760000e+01	   1.7741071e+00	
   3.8800000e+01	   1.7445029e+00	
   3.8840000e+01	   1.7437155e+00	
   3.8880000e+01	   1.7702770e+00	
   3.8920000e+01	   1.7231377e+00	
   3.8960000e+01	   1.7145465e+00	
   3.9000000e+01	   1.7433221e+00	
   3.9040000e+01	   1.7535825e+00	
   3.9080000e+01	   1.6410599e+00	
   3.9120000e+01	   1.8116834e+00	
   3.9160000e+01	   1.6991526e+00	
   3.9200000e+01	   1.8017892e+00	
   3.9240000e+01	   1.7582890e+00	
   3.9280000e+01	   1.6450120e+00	
   3.9320000e+01	   1.8687564e+00	
   3.9360000e+01	   1.5925697e+00	
   3.9400000e+01	   1.8697188e+00	
   3.9440000e+01	   1.7015503e+00	
   3.9480000e+01	   1.8472024e+00	
   3.9520000e+01	   1.6661693e+00	
   3.9560000e+01	   1.7299371e+00	
   3.9600000e+01	   1.8146077e+00	
   3.9640000e+01	   1.7253541e+00	
   3.9680000e+01	   1.8059507e+00	
   3.9720000e+01	   1.6422924e+00	
   3.9760000e+01	   1.7319612e+00	
   3.9800000e+01	   1.6949428e+00	
   3.9840000e+01	   1.6705231e+00	
   3.9880000e+01	   1.7744344e+00	
   3.9920000e+01	   1.6819966e+00	
   3.9960000e+01	   1.8317505e+00	
   4.0000000e+01	   1.5249247e+00	
   4.0040000e+01	   1.7168329e+00	
   4.0080000e+01	   1.6917903e+00	
   4.0120000e+01	   1.6721015e+00	
   4.0160000e+01	   1.6214387e+00	
   4.0200000e+01	   1.6503962e+00	
   4.0240000e+01	   1.4996029e+00	
   4.0280000e+01	   1.7002547e+00	
   4.0320000e+01	   1.6672524e+00	
   4.0360000e+01	   1.7180849e+00	
   4.0400000e+01	   1.5979048e+00	
   4.0440000e+01	   1.5825116e+00	
   4.0480000e+01	   1.7779643e+00	
   4.0520000e+01	   1.6861926e+00	
   4.0560000e+01	   1.6458564e+00	
   4.0600000e+01	   1.7006338e+00	
   4.0640000e+01	   1.9155856e+00	
   4.0680000e+01	   1.5428608e+00	
   4.0720000e+01	   1.8567305e+00	
   4.0760000e+01	   1.8356776e+00	
   4.0800000e+01	   1.6541042e+00	
   4.0840000e+01	   1.8651358e+00	
   4.0880000e+01	   1.7474606e+00	
   4.0920000e+01	   1.7707048e+00	
   4.0960000e+01	   1.8445704e+00	
   4.1000000e+01	   1.6955098e+00	
   4.1040000e+01	   1.8318872e+00	
   4.1080000e+01	   1.7842325e+00	
   4.1120000e+01	   1.8149621e+00	
   4.1160000e+01	   1.8591976e+00	
   4.1200000e+01	   1.7320757e+00	
   4.1240000e+01	   1.8508284e+00	
   4.1280000e+01	   1.7461616e+00	
   4.1320000e+01	   1.8246553e+00	
   4.1360000e+01	   1.8112927e+00	
   4.1400000e+01	   1.7415095e+00	
   4.1440000e+01	   1.9650592e+00	
   4.1480000e+01	   1.5159947e+00	
   4.1520000e+01	   1.9553266e+00	
   4.1560000e+01	   1.7409210e+00	
   4.1600000e+01	   1.7369288e+00	
   4.1640000e+01	   1.9311483e+00	
   4.1680000e+01	   1.6230404e+00	
   4.1720000e+01	   1.8627952e+00	
   4.1760000e+01	   1.6421875e+00	
   4.1800000e+01	   1.9290549e+00	
   4.1840000e+01	   1.6925357e+00	
   4.1880000e+01	   1.7826240e+00	
   4.1920000e+01	   1.7438531e+00	
   4.1960000e+01	   1.6722163e+00	
   4.2000000e+01	   1.9652099e+00	
   4.2040000e+01	   1.6863246e+00	
   4.2080000e+01	   1.6860921e+00	
   4.2120000e+01	   1.8398201e+00	
   4.2160000e+01	   1.8112396e+00	
   4.2200000e+01	   1.5460239e+00	
   4.2240000e+01	   1.8762422e+00	
   4.2280000e+01	   1.5829998e+00	
   4.2320000e+01	   1.7750876e+00	
   4.2360000e+01	   1.8230442e+00	
   4.2400000e+01	   1.6411055e+00	
   4.2440000e+01	   1.7722999e+00	
   4.2480000e+01	   1.6918274e+00	
   4.2520000e+01	   1.8328619e+00	
   4.2560000e+01	   1.6857032e+00	
   4.2600000e+01	   1.7281285e+00	
   4.2640000e+01	   1.6025092e+00	
   4.2680000e+01	   1.7459542e+00	
   4.2720000e+01	   1.7921179e+00	
   4.2760000e+01	   1.6588961e+00	
   4.2800000e+01	   1.7094516e+00	
   4.2840000e+01	   1.7038790e+00	
   4.2880000e+01	   1.7704609e+00	
   4.2920000e+01	   1.6232856e+00	
   4.2960000e+01	   1.7030650e+00	
   4.3000000e+01	   1.7307046e+00	
   4.3040000e+01	   1.7100278e+00	
   4.3080000e+01	   1.6881192e+00	
   4.3120000e+01	   1.6472930e+00	
   4.3160000e+01	   1.7656442e+00	
   4.3200000e+01	   1.5980159e+00	
   4.3240000e+01	   1.6750907e+00	
   4.3280000e+01	   1.7309217e+00	
   4.3320000e+01	   1.6299738e+00	
   4.3360000e+01	   1.7158358e+00	
   4.3400000e+01	   1.6687096e+00	
   4.3440000e+01	   1.6618638e+00	
   4.3480000e+01	   1.7017412e+00	
   4.3520000e+01	   1.6410816e+00	
   4.3560000e+01	   1.7276302e+00	
   4.3600000e+01	   1.5813858e+00	
   4.3640000e+01	   1.6769222e+00	
   4.3680000e+01	   1.6585785e+00	
   4.3720000e+01	   1.6547818e+00	
   4.3760000e+01	   1.8233440e+00	
   4.3800000e+01	   1.6202031e+00	
   4.3840000e+01	   1.6565137e+00	
   4.3880000e+01	   1.7002104e+00	
   4.3920000e+01	   1.6179456e+00	
   4.3960000e+01	   1.7881262e+00	
   4.4000000e+01	   1.6305036e+00	
   4.4040000e+01	   1.7225217e+00	
   4.4080000e+01	   1.7019878e+00	
   4.4120000e+01	   1.7439831e+00	
   4.4160000e+01	   1.6785095e+00	
   4.4200000e+01	   1.6614966e+00	
   4.4240000e+01	   1.8020240e+00	
   4.4280000e+01	   1.7007098e+00	
   4.4320000e+01	   1.6368655e+00	
   4.4360000e+01	   1.7416305e+00	
   4.4400000e+01	   1.6870756e+00	
   4.4440000e+01	   1.8371767e+00	
   4.4480000e+01	   1.6684613e+00	
   4.4520000e+01	   1.6150990e+00	
   4.4560000e+01	   1.7889812e+00	
   4.4600000e+01	   1.6912113e+00	
   4.4640000e+01	   1.7195409e+00	
   4.4680000e+01	   1.7651877e+00	
   4.4720000e+01	   1.7070559e+00	
   4.4760000e+01	   1.7071095e+00	
   4.4800000e+01	   1.7654027e+00	
   4.4840000e+01	   1.7855734e+00	
   4.4880000e+01	   1.7149877e+00	
   4.4920000e+01	   1.5589424e+00	
   4.4960000e+01	   1.8789209e+00	
   4.5000000e+01	   1.5837846e+00	
   4.5040000e+01	   1.8691309e+00	
   4.5080000e+01	   1.7301225e+00	
   4.5120000e+01	   1.7252118e+00	
   4.5160000e+01	   1.7034258e+00	
   4.5200000e+01	   1.8209266e+00	
   4.5240000e+01	   1.6840684e+00	
   4.5280000e+01	   1.7409597e+00	
   4.5320000e+01	   1.7735027e+00	
   4.5360000e+01	   1.7206496e+00	
   4.5400000e+01	   1.6648750e+00	
   4.5440000e+01	   1.7888443e+00	
   4.5480000e+01	   1.7960605e+00	
   4.5520000e+01	   1.6318715e+00	
   4.5560000e+01	   1.8043994e+00	
   4.5600000e+01	   1.7406999e+00	
   4.5640000e+01	   1.7028844e+00	
   4.5680000e+01	   1.7341752e+00	
   4.5720000e+01	   1.7970367e+00	
   4.5760000e+01	   1.5856333e+00	
   4.5800000e+01	   1.8541057e+00	
   4.5840000e+01	   1.6151217e+00	
   4.5880000e+01	   1.7647234e+00	
   4.5920000e+01	   1.8521723e+00	
   4.5960000e+01	   1.7127801e+00	
   4.6000000e+01	   1.7273837e+00	
   4.6040000e+01	   1.6667918e+00	
   4.6080000e+01	   1.6803618e+00	
   4.6120000e+01	   1.7548225e+00	
   4.6160000e+01	   1.7499849e+00	
   4.6200000e+01	   1.7597692e+00	
   4.6240000e+01	   1.6906349e+00	
   4.6280000e+01	   1.6887854e+00	
   4.6320000e+01	   1.7678098e+00	
   4.6360000e+01	   1.6834844e+00	
   4.6400000e+01	   1.7366737e+00	
   4.6440000e+01	   1.7944232e+00	
   4.6480000e+01	   1.5395414e+00	
   4.6520000e+01	   1.7314236e+00	
   4.6560000e+01	   1.6258729e+00	
   4.6600000e+01	   1.7608938e+00	
   4.6640000e+01	   1.6883236e+00	
   4.6680000e+01	   1.6425599e+00	
   4.6720000e+01	   1.6371096e+00	
   4.6760000e+01	   1.6030808e+00	
   4.6800000e+01	   1.6008013e+00	
   4.6840000e+01	   1.6211693e+00	
   4.6880000e+01	   1.7000158e+00	
   4.6920000e+01	   1.5113181e+00	
   4.6960000e+01	   1.5693403e+00	
   4.7000000e+01	   1.6600910e+00	
   4.7040000e+01	   1.6413988e+00	
   4.7080000e+01	   1.6909334e+00	
   4.7120000e+01	   1.5892139e+00	
   4.7160000e+01	   1.7462322e+00	
   4.7200000e+01	   1.6749346e+00	
   4.7240000e+01	   1.6721355e+00	
   4.7280000e+01	   1.7517498e+00	
   4.7320000e+01	   1.7406201e+00	
   4.7360000e+01	   1.7331435e+00	
   4.7400000e+01	   1.7568033e+00	
   4.7440000e+01	   1.7340647e+00	
   4.7480000e+01	   1.6830538e+00	
   4.7520000e+01	   1.7687787e+00	
   4.7560000e+01	   1.7192334e+00	
   4.7600000e+01	   1.8187547e+00	
   4.7640000e+01	   1.7080314e+00	
   4.7680000e+01	   1.7719810e+00	
   4.7720000e+01	   1.8265388e+00	
   4.7760000e+01	   1.6529317e+00	
   4.7800000e+01	   1.7853333e+00	
   4.7840000e+01	   1.7927406e+00	
   4.7880000e+01	   1.7492499e+00	
   4.7920000e+01	   1.7032080e+00	
   4.7960000e+01	   1.7692251e+00	
   4.8000000e+01	   1.7961091e+00	
   4.8040000e+01	   1.6807130e+00	
   4.8080000e+01	   1.7107297e+00	
   4.8120000e+01	   1.6867535e+00	
   4.8160000e+01	   1.7588871e+00	
   4.8200000e+01	   1.8586483e+00	
   4.8240000e+01	   1.6291315e+00	
   4.8280000e+01	   1.6195875e+00	
   4.8320000e+01	   1.8588931e+00	
   4.8360000e+01	   1.6130046e+00	
   4.8400000e+01	   1.8597608e+00	
   4.8440000e+01	   1.6190782e+00	
   4.8480000e+01	   1.7741327e+00	
   4.8520000e+01	   1.6150990e+00	
   4.8560000e+01	   1.7678564e+00	
   4.8600000e+01	   1.6854470e+00	
   4.8640000e+01	   1.6461497e+00	
   4.8680000e+01	   1.6851745e+00	
   4.8720000e+01	   1.8502920e+00	
   4.8760000e+01	   1.6499646e+00	
   4.8800000e+01	   1.6813899e+00	
   4.8840000e+01	   1.8173115e+00	
   4.8880000e+01	   1.5573826e+00	
   4.8920000e+01	   1.9022070e+00	
   4.8960000e+01	   1.5605132e+00	
   4.9000000e+01	   1.7544609e+00	
   4.9040000e+01	   1.6379265e+00	
   4.9080000e+01	   1.7780729e+00	
   4.9120000e+01	   1.5908786e+00	
   4.9160000e+01	   1.7546016e+00	
   4.9200000e+01	   1.7534826e+00	
   4.9240000e+01	   1.7153868e+00	
   4.9280000e+01	   1.7363306e+00	
   4.9320000e+01	   1.6997119e+00	
   4.9360000e+01	   1.6936085e+00	
   4.9400000e+01	   1.7454234e+00	
   4.9440000e+01	   1.6741136e+00	
   4.9480000e+01	   1.7207364e+00	
   4.9520000e+01	   1.7600490e+00	
   4.9560000e+01	   1.6932577e+00	
   4.9600000e+01	   1.7194685e+00	
   4.9640000e+01	   1.6048483e+00	
   4.9680000e+01	   1.8411902e+00	
   4.9720000e+01	   1.5902729e+00	
   4.9760000e+01	   1.7030657e+00	
   4.9800000e+01	   1.7642389e+00	
   4.9840000e+01	   1.7271739e+00	
   4.9880000e+01	   1.5738309e+00	
   4.9920000e+01	   1.7839424e+00	
   4.9960000e+01	   1.5925558e+00	
   5.0000000e+01	   1.7932048e+00	
   5.0040000e+01	   1.6961020e+00	
   5.0080000e+01	   1.8216710e+00	
   5.0120000e+01	   1.5708715e+00	
   5.0160000e+01	   1.7993087e+00	
   5.0200000e+01	   1.6773235e+00	
   5.0240000e+01	   1.6120371e+00	
   5.0280000e+01	   1.7531849e+00	
   5.0320000e+01	   1.6951958e+00	
   5.0360000e+01	   1.7436884e+00	
   5.0400000e+01	   1.6968580e+00	
   5.0440000e+01	   1.7634643e+00	
   5.0480000e+01	   1.6598086e+00	
   5.0520000e+01	   1.7809263e+00	
   5.0560000e+01	   1.6461310e+00	
   5.0600000e+01	   1.7070977e+00	
   5.0640000e+01	   1.7089834e+00	
   5.0680000e+01	   1.8301210e+00	
   5.0720000e+01	   1.5997823e+00	
   5.0760000e+01	   1.7119637e+00	
   5.0800000e+01	   1.6985612e+00	
   5.0840000e+01	   1.7920044e+00	
   5.0880000e+01	   1.6340109e+00	
   5.0920000e+01	   1.7732712e+00	
   5.0960000e+01	   1.7145300e+00	
   5.1000000e+01	   1.6896724e+00	
   5.1040000e+01	   1.7266918e+00	
   5.1080000e+01	   1.6480817e+00	
   5.1120000e+01	   1.8216734e+00	
   5.1160000e+01	   1.7092084e+00	
   5.1200000e+01	   1.7411685e+00	
   5.1240000e+01	   1.6503864e+00	
   5.1280000e+01	   1.7470934e+00	
   5.1320000e+01	   1.8311999e+00	
   5.1360000e+01	   1.5349497e+00	
   5.1400000e+01	   1.9294071e+00	
   5.1440000e+01	   1.4753050e+00	
   5.1480000e+01	   1.8156411e+00	
   5.1520000e+01	   1.6789604e+00	
   5.1560000e+01	   1.6876950e+00	
   5.1600000e+01	   1.7299618e+00	
   5.1640000e+01	   1.6610647e+00	
   5.1680000e+01	   1.8046207e+00	
   5.1720000e+01	   1.6458919e+00	
   5.1760000e+01	   1.7369400e+00	
   5.1800000e+01	   1.7989327e+00	
   5.1840000e+01	   1.6119729e+00	
   5.1880000e+01	   1.7460117e+00	
   5.1920000e+01	   1.6280169e+00	
   5.1960000e+01	   1.6815342e+00	
   5.2000000e+01	   1.8184844e+00	
   5.2040000e+01	   1.6788345e+00	
   5.2080000e+01	   1.5823391e+00	
   5.2120000e+01	   1.8290103e+00	
   5.2160000e+01	   1.6961323e+00	
   5.2200000e+01	   1.6246195e+00	
   5.2240000e+01	   1.6497886e+00	
   5.2280000e+01	   1.7979776e+00	
   5.2320000e+01	   1.5871022e+00	
   5.2360000e+01	   1.7124918e+00	
   5.2400000e+01	   1.7186983e+00	
   5.2440000e+01	   1.6598812e+00	
   5.2480000e+01	   1.7261422e+00	
   5.2520000e+01	   1.6440887e+00	
   5.2560000e+01	   1.6673190e+00	
   5.2600000e+01	   1.6678739e+00	
   5.2640000e+01	   1.6853205e+00	
   5.2680000e+01	   1.6606142e+00	
   5.2720000e+01	   1.6288410e+00	
   5.2760000e+01	   1.6545208e+00	
   5.2800000e+01	   1.6800921e+00	
   5.2840000e+01	   1.7096224e+00	
   5.2880000e+01	   1.6227818e+00	
   5.2920000e+01	   1.5374629e+00	
   5.2960000e+01	   1.6629287e+00	
   5.3000000e+01	   1.6848395e+00	
   5.3040000e+01	   1.4422667e+00	
   5.3080000e+01	   1.6598486e+00	
   5.3120000e+01	   1.6847053e+00	
   5.3160000e+01	   1.5471741e+00	
   5.3200000e+01	   1.4837746e+00	
   5.3240000e+01	   1.6509058e+00	
   5.3280000e+01	   1.6516015e+00	
   5.3320000e+01	   1.6273905e+00	
   5.3360000e+01	   1.5712922e+00	
   5.3400000e+01	   1.7249324e+00	
   5.3440000e+01	   1.6609121e+00	
   5.3480000e+01	   1.6518885e+00	
   5.3520000e+01	   1.6467633e+00	
   5.3560000e+01	   1.7473197e+00	
   5.3600000e+01	   1.6162344e+00	
   5.3640000e+01	   1.7626924e+00	
   5.3680000e+01	   1.6598325e+00	
   5.3720000e+01	   1.8457493e+00	
   5.3760000e+01	   1.7670408e+00	
   5.3800000e+01	   1.6665243e+00	
   5.3840000e+01	   1.8352624e+00	
   5.3880000e+01	   1.6641456e+00	
   5.3920000e+01	   1.7491473e+00	
   5.3960000e+01	   1.8529927e+00	
   5.4000000e+01	   1.6838752e+00	
   5.4040000e+01	   1.7569755e+00	
   5.4080000e+01	   1.8489114e+00	
   5.4120000e+01	   1.6752656e+00	
   5.4160000e+01	   1.7814275e+00	
   5.4200000e+01	   1.7844842e+00	
   5.4240000e+01	   1.7970561e+00	
   5.4280000e+01	   1.6793462e+00	
   5.4320000e+01	   1.8225162e+00	
   5.4360000e+01	   1.7146136e+00	
   5.4400000e+01	   1.6457789e+00	
   5.4440000e+01	   1.8696072e+00	
   5.4480000e+01	   1.7521430e+00	
   5.4520000e+01	   1.6962605e+00	
   5.4560000e+01	   1.7561954e+00	
   5.4600000e+01	   1.7360378e+00	
   5.4640000e+01	   1.7513165e+00	
   5.4680000e+01	   1.6682831e+00	
   5.4720000e+01	   1.8698332e+00	
   5.4760000e+01	   1.6168625e+00	
   5.4800000e+01	   1.7484198e+00	
   5.4840000e+01	   1.8211823e+00	
   5.4880000e+01	   1.6310712e+00	
   5.4920000e+01	   1.7378093e+00	
   5.4960000e+01	   1.6607074e+00	
   5.5000000e+01	   1.7077193e+00	
   5.5040000e+01	   1.7110897e+00	
   5.5080000e+01	   1.7514698e+00	
   5.5120000e+01	   1.6674939e+00	
   5.5160000e+01	   1.7124701e+00	
   5.5200000e+01	   1.6180152e+00	
   5.5240000e+01	   1.7439992e+00	
   5.5280000e+01	   1.6176172e+00	
   5.5320000e+01	   1.8041903e+00	
   5.5360000e+01	   1.6524132e+00	
   5.5400000e+01	   1.6777377e+00	
   5.5440000e+01	   1.6822455e+00	
   5.5480000e+01	   1.6707947e+00	
   5.5520000e+01	   1.6503814e+00	
   5.5560000e+01	   1.7386621e+00	
   5.5600000e+01	   1.5971802e+00	
   5.5640000e+01	   1.6829640e+00	
   5.5680000e+01	   1.6157776e+00	
   5.5720000e+01	   1.7650700e+00	
   5.5760000e+01	   1.6697077e+00	
   5.5800000e+01	   1.5091439e+00	
   5.5840000e+01	   1.8456098e+00	
   5.5880000e+01	   1.5644308e+00	
   5.5920000e+01	   1.6866629e+00	
   5.5960000e+01	   1.6624761e+00	
   5.6000000e+01	   1.5201602e+00	
   5.6040000e+01	   1.6413987e+00	
   5.6080000e+01	   1.7287413e+00	
   5.6120000e+01	   1.6048652e+00	
   5.6160000e+01	   1.7573057e+00	
   5.6200000e+01	   1.5251759e+00	
   5.6240000e+01	   1.6590357e+00	
   5.6280000e+01	   1.6085345e+00	
   5.6320000e+01	   1.5472584e+00	
   5.6360000e+01	   1.7106447e+00	
   5.6400000e+01	   1.5216492e+00	
   5.6440000e+01	   1.6820503e+00	
   5.6480000e+01	   1.7004297e+00	
   5.6520000e+01	   1.5709342e+00	
   5.6560000e+01	   1.5462500e+00	
   5.6600000e+01	   1.7027698e+00	
   5.6640000e+01	   1.5857273e+00	
   5.6680000e+01	   1.6647512e+00	
   5.6720000e+01	   1.6713103e+00	
   5.6760000e+01	   1.6458592e+00	
   5.6800000e+01	   1.5516521e+00	
   5.6840000e+01	   1.5394989e+00	
   5.6880000e+01	   1.7498318e+00	
   5.6920000e+01	   1.5130980e+00	
   5.6960000e+01	   1.7642113e+00	
   5.7000000e+01	   1.6201844e+00	
   5.7040000e+01	   1.5772127e+00	
   5.7080000e+01	   1.5902324e+00	
   5.7120000e+01	   1.7381781e+00	
   5.7160000e+01	   1.5636218e+00	
   5.7200000e+01	   1.6687666e+00	
   5.7240000e+01	   1.6120983e+00	
   5.7280000e+01	   1.5819248e+00	
   5.7320000e+01	   1.7780723e+00	
   5.7360000e+01	   1.5805400e+00	
   5.7400000e+01	   1.6734664e+00	
   5.7440000e+01	   1.6327961e+00	
   5.7480000e+01	   1.5425868e+00	
   5.7520000e+01	   1.7773873e+00	
   5.7560000e+01	   1.5523149e+00	
   5.7600000e+01	   1.7038168e+00	
   5.7640000e+01	   1.6156809e+00	
   5.7680000e+01	   1.6992303e+00	
   5.7720000e+01	   1.7405645e+00	
   5.7760000e+01	   1.5430231e+00	
   5.7800000e+01	   1.6954945e+00	
   5.7840000e+01	   1.6510498e+00	
   5.7880000e+01	   1.5737904e+00	
   5.7920000e+01	   1.8666642e+00	
   5.7960000e+01	   1.5509171e+00	
   5.8000000e+01	   1.5957372e+00	
   5.8040000e+01	   1.8011887e+00	
   5.8080000e+01	   1.5821634e+00	
   5.8120000e+01	   1.7246009e+00	
   5.8160000e+01	   1.5656808e+00	
   5.8200000e+01	   1.5951748e+00	
   5.8240000e+01	   1.8204466e+00	
   5.8280000e+01	   1.6004656e+00	
   5.8320000e+01	   1.5995003e+00	
   5.8360000e+01	   1.7792336e+00	
   5.8400000e+01	   1.5284684e+00	
   5.8440000e+01	   1.6867269e+00	
   5.8480000e+01	   1.6304178e+00	
   5.8520000e+01	   1.7148622e+00	
   5.8560000e+01	   1.6624367e+00	
   5.8600000e+01	   1.6440489e+00	
   5.8640000e+01	   1.6799469e+00	
   5.8680000e+01	   1.6852054e+00	
   5.8720000e+01	   1.6418601e+00	
   5.8760000e+01	   1.6798541e+00	
   5.8800000e+01	   1.6033980e+00	
   5.8840000e+01	   1.7040931e+00	
   5.8880000e+01	   1.6416100e+00	
   5.8920000e+01	   1.6948165e+00	
   5.8960000e+01	   1.5906779e+00	
   5.9000000e+01	   1.6478119e+00	
   5.9040000e+01	   1.6988535e+00	
   5.9080000e+01	   1.6159832e+00	
   5.9120000e+01	   1.5728389e+00	
   5.9160000e+01	   1.6507872e+00	
   5.9200000e+01	   1.6088608e+00	
   5.9240000e+01	   1.6497035e+00	
   5.9280000e+01	   1.4838337e+00	
   5.9320000e+01	   1.6660411e+00	
   5.9360000e+01	   1.6814446e+00	
   5.9400000e+01	   1.5166001e+00	
   5.9440000e+01	   1.5508140e+00	
   5.9480000e+01	   1.6282648e+00	
   5.9520000e+01	   1.6591461e+00	
   5.9560000e+01	   1.6546241e+00	
   5.9600000e+01	   1.5346189e+00	
   5.9640000e+01	   1.7479772e+00	
   5.9680000e+01	   1.5584789e+00	
   5.9720000e+01	   1.7082108e+00	
   5.9760000e+01	   1.7560092e+00	
   5.9800000e+01	   1.5642405e+00	
   5.9840000e+01	   1.6944470e+00	
   5.9880000e+01	   1.8336417e+00	
   5.9920000e+01	   1.6517452e+00	
   5.9960000e+01	   1.6418960e+00	
   6.0000000e+01	   1.8268302e+00	
   6.0040000e+01	   1.6987526e+00	
   6.0080000e+01	   1.7554972e+00	
   6.0120000e+01	   1.7833639e+00	
   6.0160000e+01	   1.7386337e+00	
   6.0200000e+01	   1.7404384e+00	
   6.0240000e+01	   1.8533445e+00	
   6.0280000e+01	   1.5842472e+00	
   6.0320000e+01	   1.8765250e+00	
   6.0360000e+01	   1.6887747e+00	
   6.0400000e+01	   1.7490022e+00	
   6.0440000e+01	   1.7753066e+00	
   6.0480000e+01	   1.7160432e+00	
   6.0520000e+01	   1.7683568e+00	
   6.0560000e+01	   1.7709396e+00	
   6.0600000e+01	   1.8574779e+00	
   6.0640000e+01	   1.7685624e+00	
   6.0680000e+01	   1.7471219e+00	
   6.0720000e+01	   1.7202293e+00	
   6.0760000e+01	   1.7668178e+00	
   6.0800000e+01	   1.7329659e+00	
   6.0840000e+01	   1.7671364e+00	
   6.0880000e+01	   1.7054574e+00	
   6.0920000e+01	   1.7261281e+00	
   6.0960000e+01	   1.7755840e+00	
   6.1000000e+01	   1.7314516e+00	
   6.1040000e+01	   1.6893750e+00	
   6.1080000e+01	   1.7220927e+00	
   6.1120000e+01	   1.7546357e+00	
   6.1160000e+01	   1.7340953e+00	
   6.1200000e+01	   1.7120213e+00	
   6.1240000e+01	   1.6229898e+00	
   6.1280000e+01	   1.7982738e+00	
   6.1320000e+01	   1.7919189e+00	
   6.1360000e+01	   1.6880547e+00	
   6.1400000e+01	   1.6926535e+00	
   6.1440000e+01	   1.7156179e+00	
   6.1480000e+01	   1.7228385e+00	
   6.1520000e+01	   1.6913682e+00	
   6.1560000e+01	   1.7584103e+00	
   6.1600000e+01	   1.5938880e+00	
   6.1640000e+01	   1.7232494e+00	
   6.1680000e+01	   1.7405903e+00	
   6.1720000e+01	   1.6613767e+00	
   6.1760000e+01	   1.6386204e+00	
   6.1800000e+01	   1.7626597e+00	
   6.1840000e+01	   1.6308377e+00	
   6.1880000e+01	   1.7023973e+00	
   6.1920000e+01	   1.7061837e+00	
   6.1960000e+01	   1.6553258e+00	
   6.2000000e+01	   1.6537710e+00	
   6.2040000e+01	   1.7119331e+00	
   6.2080000e+01	   1.6245516e+00	
   6.2120000e+01	   1.7142132e+00	
   6.2160000e+01	   1.6627803e+00	
   6.2200000e+01	   1.5754634e+00	
   6.2240000e+01	   1.6884307e+00	
   6.2280000e+01	   1.6352742e+00	
   6.2320000e+01	   1.6173711e+00	
   6.2360000e+01	   1.6826761e+00	
   6.2400000e+01	   1.5866934e+00	
   6.2440000e+01	   1.6799603e+00	
   6.2480000e+01	   1.6583273e+00	
   6.2520000e+01	   1.5774220e+00	
   6.2560000e+01	   1.6824862e+00	
   6.2600000e+01	   1.4942900e+00	
   6.2640000e+01	   1.5810488e+00	
   6.2680000e+01	   1.6624796e+00	
   6.2720000e+01	   1.6784398e+00	
   6.2760000e+01	   1.5452057e+00	
   6.2800000e+01	   1.5699986e+00	
   6.2840000e+01	   1.6535831e+00	
   6.2880000e+01	   1.5197673e+00	
   6.2920000e+01	   1.5872783e+00	
   6.2960000e+01	   1.7550898e+00	
   6.3000000e+01	   1.5285917e+00	
   6.3040000e+01	   1.5341225e+00	
   6.3080000e+01	   1.6343000e+00	
   6.3120000e+01	   1.7031292e+00	
   6.3160000e+01	   1.5441504e+00	
   6.3200000e+01	   1.7050171e+00	
   6.3240000e+01	   1.4758491e+00	
   6.3280000e+01	   1.5633037e+00	
   6.3320000e+01	   1.7769901e+00	
   6.3360000e+01	   1.5733208e+00	
   6.3400000e+01	   1.6233899e+00	
   6.3440000e+01	   1.6129827e+00	
   6.3480000e+01	   1.5667635e+00	
   6.3520000e+01	   1.5721479e+00	
   6.3560000e+01	   1.6961500e+00	
   6.3600000e+01	   1.5939464e+00	
   6.3640000e+01	   1.7040422e+00	
   6.3680000e+01	   1.6227352e+00	
   6.3720000e+01	   1.6677246e+00	
   6.3760000e+01	   1.6120382e+00	
   6.3800000e+01	   1.6224825e+00	
   6.3840000e+01	   1.6985816e+00	
   6.3880000e+01	   1.5782232e+00	
   6.3920000e+01	   1.7323930e+00	
   6.3960000e+01	   1.6541400e+00	
   6.4000000e+01	   1.6567716e+00	
   6.4040000e+01	   1.7471749e+00	
   6.4080000e+01	   1.5984287e+00	
   6.4120000e+01	   1.6703182e+00	
   6.4160000e+01	   1.7127205e+00	
   6.4200000e+01	   1.5867119e+00	
   6.4240000e+01	   1.6817922e+00	
   6.4280000e+01	   1.7044498e+00	
   6.4320000e+01	   1.7142963e+00	
   6.4360000e+01	   1.5568299e+00	
   6.4400000e+01	   1.8133302e+00	
   6.4440000e+01	   1.5321585e+00	
   6.4480000e+01	   1.7983887e+00	
   6.4520000e+01	   1.6143230e+00	
   6.4560000e+01	   1.5742350e+00	
   6.4600000e+01	   1.8162366e+00	
   6.4640000e+01	   1.6028468e+00	
   6.4680000e+01	   1.7652062e+00	
   6.4720000e+01	   1.5894391e+00	
   6.4760000e+01	   1.6037967e+00	
   6.4800000e+01	   1.8283801e+00	
   6.4840000e+01	   1.6547385e+00	
   6.4880000e+01	   1.6728648e+00	
   6.4920000e+01	   1.6091940e+00	
   6.4960000e+01	   1.7102011e+00	
   6.5000000e+01	   1.6320747e+00	
   6.5040000e+01	   1.7100112e+00	
   6.5080000e+01	   1.5515523e+00	
   6.5120000e+01	   1.6122600e+00	
   6.5160000e+01	   1.6511796e+00	
   6.5200000e+01	   1.6173744e+00	
   6.5240000e+01	   1.5453599e+00	
   6.5280000e+01	   1.5445967e+00	
   6.5320000e+01	   1.4980599e+00	
   6.5360000e+01	   1.6141917e+00	
   6.5400000e+01	   1.5042380e+00	
   6.5440000e+01	   1.6748196e+00	
   6.5480000e+01	   1.4699024e+00	
   6.5520000e+01	   1.5764796e+00	
   6.5560000e+01	   1.5093739e+00	
   6.5600000e+01	   1.5293319e+00	
   6.5640000e+01	   1.5882874e+00	
   6.5680000e+01	   1.6458904e+00	
   6.5720000e+01	   1.5569786e+00	
   6.5760000e+01	   1.6817417e+00	
   6.5800000e+01	   1.5701554e+00	
   6.5840000e+01	   1.6586178e+00	
   6.5880000e+01	   1.7797726e+00	
   6.5920000e+01	   1.5497781e+00	
   6.5960000e+01	   1.6287780e+00	
   6.6000000e+01	   1.7726667e+00	
   6.6040000e+01	   1.6510088e+00	
   6.6080000e+01	   1.6988936e+00	
   6.6120000e+01	   1.7757123e+00	
   6.6160000e+01	   1.6588403e+00	
   6.6200000e+01	   1.7537517e+00	
   6.6240000e+01	   1.7616088e+00	
   6.6280000e+01	   1.6325510e+00	
   6.6320000e+01	   1.7933052e+00	
   6.6360000e+01	   1.8244301e+00	
   6.6400000e+01	   1.6472028e+00	
   6.6440000e+01	   1.7319133e+00	
   6.6480000e+01	   1.7337837e+00	
   6.6520000e+01	   1.7844387e+00	
   6.6560000e+01	   1.6682626e+00	
   6.6600000e+01	   1.7273215e+00	
   6.6640000e+01	   1.7925020e+00	
   6.6680000e+01	   1.6854451e+00	
   6.6720000e+01	   1.7558141e+00	
   6.6760000e+01	   1.8179973e+00	
   6.6800000e+01	   1.6056497e+00	
   6.6840000e+01	   1.7862695e+00	
   6.6880000e+01	   1.6387366e+00	
   6.6920000e+01	   1.7830207e+00	
   6.6960000e+01	   1.6368467e+00	
   6.7000000e+01	   1.7103979e+00	
   6.7040000e+01	   1.7895433e+00	
   6.7080000e+01	   1.6758283e+00	
   6.7120000e+01	   1.6550451e+00	
   6.7160000e+01	   1.6508329e+00	
   6.7200000e+01	   1.7391686e+00	
   6.7240000e+01	   1.7413509e+00	
   6.7280000e+01	   1.7085514e+00	
   6.7320000e+01	   1.6970338e+00	
   6.7360000e+01	   1.7372022e+00	
   6.7400000e+01	   1.6285121e+00	
   6.7440000e+01	   1.7899728e+00	
   6.7480000e+01	   1.6511582e+00	
   6.7520000e+01	   1.7094859e+00	
   6.7560000e+01	   1.7015865e+00	
   6.7600000e+01	   1.6188380e+00	
   6.7640000e+01	   1.7176491e+00	
   6.7680000e+01	   1.6652584e+00	
   6.7720000e+01	   1.6902273e+00	
   6.7760000e+01	   1.6564583e+00	
   6.7800000e+01	   1.7274114e+00	
   6.7840000e+01	   1.5836090e+00	
   6.7880000e+01	   1.7829609e+00	
   6.7920000e+01	   1.5396998e+00	
   6.7960000e+01	   1.6919924e+00	
   6.8000000e+01	   1.6745883e+00	
   6.8040000e+01	   1.6359903e+00	
   6.8080000e+01	   1.8070560e+00	
   6.8120000e+01	   1.5627905e+00	
   6.8160000e+01	   1.5876918e+00	
   6.8200000e+01	   1.6767834e+00	
   6.8240000e+01	   1.6506198e+00	
   6.8280000e+01	   1.7307404e+00	
   6.8320000e+01	   1.5309259e+00	
   6.8360000e+01	   1.6855853e+00	
   6.8400000e+01	   1.5906893e+00	
   6.8440000e+01	   1.6451434e+00	
   6.8480000e+01	   1.7029437e+00	
   6.8520000e+01	   1.6093425e+00	
   6.8560000e+01	   1.6024635e+00	
   6.8600000e+01	   1.6408154e+00	
   6.8640000e+01	   1.5635333e+00	
   6.8680000e+01	   1.6022325e+00	
   6.8720000e+01	   1.6617506e+00	
   6.8760000e+01	   1.6360902e+00	
   6.8800000e+01	   1.5589427e+00	
   6.8840000e+01	   1.7419763e+00	
   6.8880000e+01	   1.5611074e+00	
   6.8920000e+01	   1.6174640e+00	
   6.8960000e+01	   1.6650404e+00	
   6.9000000e+01	   1.6491333e+00	
   6.9040000e+01	   1.4607007e+00	
   6.9080000e+01	   1.7409546e+00	
   6.9120000e+01	   1.6091000e+00	
   6.9160000e+01	   1.5799364e+00	
   6.9200000e+01	   1.6315497e+00	
   6.9240000e+01	   1.6851785e+00	
   6.9280000e+01	   1.6015605e+00	
   6.9320000e+01	   1.6367302e+00	
   6.9360000e+01	   1.5590788e+00	
   6.9400000e+01	   1.5699019e+00	
   6.9440000e+01	   1.6204157e+00	
   6.9480000e+01	   1.6793755e+00	
   6.9520000e+01	   1.6202428e+00	
   6.9560000e+01	   1.7501068e+00	
   6.9600000e+01	   1.4863912e+00	
   6.9640000e+01	   1.6598844e+00	
   6.9680000e+01	   1.6575989e+00	
   6.9720000e+01	   1.5877363e+00	
   6.9760000e+01	   1.6237136e+00	
   6.9800000e+01	   1.6515833e+00	
   6.9840000e+01	   1.6472526e+00	
   6.9880000e+01	   1.7348846e+00	
   6.9920000e+01	   1.5544061e+00	
   6.9960000e+01	   1.6846990e+00	
   7.0000000e+01	   1.6375018e+00	
   7.0040000e+01	   1.6365674e+00	
   7.0080000e+01	   1.6098008e+00	
   7.0120000e+01	   1.5763260e+00	
   7.0160000e+01	   1.7797866e+00	
   7.0200000e+01	   1.6233969e+00	
   7.0240000e+01	   1.5575205e+00	
   7.0280000e+01	   1.7894108e+00	
   7.0320000e+01	   1.5724097e+00	
   7.0360000e+01	   1.6175169e+00	
   7.0400000e+01	   1.7795198e+00	
   7.0440000e+01	   1.5750578e+00	
   7.0480000e+01	   1.7044479e+00	
   7.0520000e+01	   1.6193955e+00	
   7.0560000e+01	   1.5997934e+00	
   7.0600000e+01	   1.6787587e+00	
   7.0640000e+01	   1.6638578e+00	
   7.0680000e+01	   1.7213549e+00	
   7.0720000e+01	   1.6328905e+00	
   7.0760000e+01	   1.6150064e+00	
   7.0800000e+01	   1.6444228e+00	
   7.0840000e+01	   1.7093682e+00	
   7.0880000e+01	   1.6846711e+00	
   7.0920000e+01	   1.5758694e+00	
   7.0960000e+01	   1.5863993e+00	
   7.1000000e+01	   1.6585970e+00	
   7.1040000e+01	   1.6082360e+00	
   7.1080000e+01	   1.5833820e+00	
   7.1120000e+01	   1.5826791e+00	
   7.1160000e+01	   1.5126845e+00	
   7.1200000e+01	   1.4571384e+00	
   7.1240000e+01	   1.6724043e+00	
   7.1280000e+01	   1.5577489e+00	
   7.1320000e+01	   1.4583644e+00	
   7.1360000e+01	   1.5553697e+00	
   7.1400000e+01	   1.5061552e+00	
   7.1440000e+01	   1.5223913e+00	
   7.1480000e+01	   1.6154859e+00	
   7.1520000e+01	   1.4964085e+00	
   7.1560000e+01	   1.4751321e+00	
   7.1600000e+01	   1.6155777e+00	
   7.1640000e+01	   1.4595068e+00	
   7.1680000e+01	   1.5623497e+00	
   7.1720000e+01	   1.6282740e+00	
   7.1760000e+01	   1.5213280e+00	
   7.1800000e+01	   1.5356526e+00	
   7.1840000e+01	   1.6572771e+00	
   7.1880000e+01	   1.6190107e+00	
   7.1920000e+01	   1.5758334e+00	
   7.1960000e+01	   1.6123334e+00	
