   0.0000000e+00	   8.0000000e-01	   0.0000000e+00	
   3.1250000e+01	   8.0076093e-01	   6.2421982e-06	
   6.2500000e+01	   8.0308265e-01	   1.2435985e-05	
   9.3750000e+01	   8.0696049e-01	   1.8532526e-05	
   1.2500000e+02	   8.1238573e-01	   2.4483485e-05	
   1.5625000e+02	   8.1934552e-01	   3.0240953e-05	
   1.8750000e+02	   8.2782288e-01	   3.5756923e-05	
   2.1875000e+02	   8.3779407e-01	   4.0984192e-05	
   2.5000000e+02	   8.4922767e-01	   4.5876768e-05	
   2.8024875e+02	   8.6165034e-01	   5.0251569e-05	
   3.1049750e+02	   8.7536078e-01	   5.4230784e-05	
   3.4074625e+02	   8.9030249e-01	   5.7776178e-05	
   3.7099500e+02	   9.0640662e-01	   6.0851762e-05	
   4.0124375e+02	   9.2359101e-01	   6.3423854e-05	
   4.3149250e+02	   9.4175777e-01	   6.5460831e-05	
   4.6174125e+02	   9.6079182e-01	   6.6934577e-05	
   4.9199000e+02	   9.8056039e-01	   6.7821113e-05	
   5.1812441e+02	   9.9811599e-01	   6.8098894e-05	
   5.4425882e+02	   1.0159977e+00	   6.7913303e-05	
   5.7039323e+02	   1.0340855e+00	   6.7257329e-05	
   5.9652763e+02	   1.0522493e+00	   6.6127402e-05	
   6.2052757e+02	   1.0688772e+00	   6.4672132e-05	
   6.4452751e+02	   1.0853362e+00	   6.2819604e-05	
   6.6852744e+02	   1.1015062e+00	   6.0575290e-05	
   6.9252738e+02	   1.1172631e+00	   5.7947668e-05	
   7.1547577e+02	   1.1318266e+00	   5.5087216e-05	
   7.3842415e+02	   1.1457834e+00	   5.1899376e-05	
   7.6137254e+02	   1.1590216e+00	   4.8399353e-05	
   7.8432093e+02	   1.1714314e+00	   4.4604907e-05	
   8.0687359e+02	   1.1827164e+00	   4.0608636e-05	
   8.2942625e+02	   1.1930007e+00	   3.6369090e-05	
   8.5197890e+02	   1.2021934e+00	   3.1909877e-05	
   8.7453156e+02	   1.2102121e+00	   2.7256514e-05	
   8.9738277e+02	   1.2170640e+00	   2.2371486e-05	
   9.2023397e+02	   1.2225684e+00	   1.7345335e-05	
   9.4308517e+02	   1.2266714e+00	   1.2209507e-05	
   9.6593638e+02	   1.2293330e+00	   6.9964072e-06	
   9.9015541e+02	   1.2305514e+00	   1.4238653e-06	
   1.0143744e+03	   1.2301072e+00	  -4.1578395e-06	
   1.0385935e+03	   1.2280056e+00	  -9.7084271e-06	
   1.0628125e+03	   1.2242701e+00	  -1.5188180e-05	
   1.0913353e+03	   1.2178335e+00	  -2.1498059e-05	
   1.1198580e+03	   1.2092885e+00	  -2.7593675e-05	
   1.1483808e+03	   1.1987628e+00	  -3.3416505e-05	
   1.1769035e+03	   1.1864103e+00	  -3.8912570e-05	
   1.2016437e+03	   1.1743529e+00	  -4.3376750e-05	
   1.2263840e+03	   1.1611799e+00	  -4.7528419e-05	
   1.2511242e+03	   1.1470240e+00	  -5.1341529e-05	
   1.2758644e+03	   1.1320224e+00	  -5.4793581e-05	
   1.3006046e+03	   1.1163156e+00	  -5.7865504e-05	
   1.3253448e+03	   1.1000446e+00	  -6.0541500e-05	
   1.3500851e+03	   1.0833486e+00	  -6.2809275e-05	
   1.3748253e+03	   1.0663627e+00	  -6.4660051e-05	
   1.3977436e+03	   1.0504828e+00	  -6.5997666e-05	
   1.4206618e+03	   1.0345659e+00	  -6.6970724e-05	
   1.4435801e+03	   1.0187061e+00	  -6.7579439e-05	
   1.4664983e+03	   1.0029916e+00	  -6.7826144e-05	
   1.4890463e+03	   9.8775224e-01	  -6.7719764e-05	
   1.5115944e+03	   9.7280560e-01	  -6.7272964e-05	
   1.5341424e+03	   9.5821828e-01	  -6.6493097e-05	
   1.5566904e+03	   9.4405072e-01	  -6.5388939e-05	
   1.5794661e+03	   9.3022182e-01	  -6.3954715e-05	
   1.6022417e+03	   9.1692766e-01	  -6.2211584e-05	
   1.6250174e+03	   9.0421355e-01	  -6.0172255e-05	
   1.6477930e+03	   8.9211926e-01	  -5.7850375e-05	
   1.6714307e+03	   8.8025980e-01	  -5.5157374e-05	
   1.6950683e+03	   8.6913945e-01	  -5.2192805e-05	
   1.7187060e+03	   8.5878758e-01	  -4.8974506e-05	
   1.7423437e+03	   8.4922900e-01	  -4.5520912e-05	
   1.7671961e+03	   8.4005738e-01	  -4.1656915e-05	
   1.7920485e+03	   8.3180609e-01	  -3.7576495e-05	
   1.8169009e+03	   8.2449202e-01	  -3.3302772e-05	
   1.8417534e+03	   8.1812863e-01	  -2.8859167e-05	
   1.8682700e+03	   8.1239927e-01	  -2.3957415e-05	
   1.8947866e+03	   8.0777456e-01	  -1.8918517e-05	
   1.9213032e+03	   8.0426231e-01	  -1.3771920e-05	
   1.9478198e+03	   8.0186785e-01	  -8.5471387e-06	
   1.9767773e+03	   8.0053360e-01	  -2.7869514e-06	
   2.0057347e+03	   8.0053877e-01	   2.9922881e-06	
   2.0346921e+03	   8.0188342e-01	   8.7517038e-06	
   2.0636496e+03	   8.0456496e-01	   1.4452646e-05	
   2.0970849e+03	   8.0931723e-01	   2.0912174e-05	
   2.1305203e+03	   8.1583343e-01	   2.7182991e-05	
   2.1639557e+03	   8.2409559e-01	   3.3206218e-05	
   2.1973911e+03	   8.3407787e-01	   3.8924163e-05	
   2.2310789e+03	   8.4584038e-01	   4.4319194e-05	
   2.2647668e+03	   8.5926905e-01	   4.9289456e-05	
   2.2984546e+03	   8.7430410e-01	   5.3779594e-05	
   2.3321424e+03	   8.9086943e-01	   5.7737114e-05	
   2.3658303e+03	   9.0887120e-01	   6.1112463e-05	
   2.3995181e+03	   9.2819408e-01	   6.3858471e-05	
   2.4332060e+03	   9.4869802e-01	   6.5932737e-05	
   2.4668938e+03	   9.7021694e-01	   6.7298688e-05	
   2.4938961e+03	   9.8806890e-01	   6.7861219e-05	
   2.5208984e+03	   1.0063355e+00	   6.7935766e-05	
   2.5479008e+03	   1.0248911e+00	   6.7512756e-05	
   2.5749031e+03	   1.0435983e+00	   6.6586382e-05	
   2.5991330e+03	   1.0603919e+00	   6.5324879e-05	
   2.6233629e+03	   1.0770728e+00	   6.3657605e-05	
   2.6475928e+03	   1.0935203e+00	   6.1588728e-05	
   2.6718228e+03	   1.1096090e+00	   5.9125483e-05	
   2.6948713e+03	   1.1244626e+00	   5.6425699e-05	
   2.7179198e+03	   1.1387611e+00	   5.3389809e-05	
   2.7409683e+03	   1.1523910e+00	   5.0031911e-05	
   2.7640168e+03	   1.1652402e+00	   4.6368722e-05	
   2.7865928e+03	   1.1769637e+00	   4.2503181e-05	
   2.8091689e+03	   1.1877329e+00	   3.8383677e-05	
   2.8317450e+03	   1.1974542e+00	   3.4032826e-05	
   2.8543210e+03	   1.2060410e+00	   2.9475236e-05	
   2.8771018e+03	   1.2134760e+00	   2.4693670e-05	
   2.8998827e+03	   1.2196052e+00	   1.9757641e-05	
   2.9226635e+03	   1.2243693e+00	   1.4697610e-05	
   2.9454443e+03	   1.2277222e+00	   9.5451270e-06	
   2.9694230e+03	   1.2296912e+00	   4.0575480e-06	
   2.9934017e+03	   1.2300386e+00	  -1.4576149e-06	
   3.0173803e+03	   1.2287606e+00	  -6.9613624e-06	
   3.0413590e+03	   1.2258715e+00	  -1.2415019e-05	
   3.0689892e+03	   1.2205867e+00	  -1.8587430e-05	
   3.0966194e+03	   1.2132822e+00	  -2.4585402e-05	
   3.1242497e+03	   1.2040612e+00	  -3.0354382e-05	
   3.1518799e+03	   1.1930516e+00	  -3.5843460e-05	
   3.1772834e+03	   1.1814798e+00	  -4.0602607e-05	
   3.2026870e+03	   1.1686526e+00	  -4.5051394e-05	
   3.2280905e+03	   1.1547088e+00	  -4.9159588e-05	
   3.2534941e+03	   1.1397939e+00	  -5.2900817e-05	
   3.2788976e+03	   1.1240582e+00	  -5.6252449e-05	
   3.3043012e+03	   1.1076541e+00	  -5.9195444e-05	
   3.3297047e+03	   1.0907329e+00	  -6.1714673e-05	
   3.3551083e+03	   1.0734424e+00	  -6.3798958e-05	
   3.3781626e+03	   1.0575518e+00	  -6.5307718e-05	
   3.4012169e+03	   1.0415786e+00	  -6.6448972e-05	
   3.4242712e+03	   1.0256209e+00	  -6.7221929e-05	
   3.4473255e+03	   1.0097709e+00	  -6.7628026e-05	
   3.4698859e+03	   9.9444744e-01	  -6.7673649e-05	
   3.4924462e+03	   9.7938476e-01	  -6.7376399e-05	
   3.5150066e+03	   9.6465216e-01	  -6.6742941e-05	
   3.5375670e+03	   9.5031263e-01	  -6.5781428e-05	
   3.5603060e+03	   9.3631530e-01	  -6.4490028e-05	
   3.5830449e+03	   9.2282834e-01	  -6.2886105e-05	
   3.6057838e+03	   9.0989916e-01	  -6.0981816e-05	
   3.6285228e+03	   8.9756955e-01	  -5.8790303e-05	
   3.6520543e+03	   8.8548044e-01	  -5.6234965e-05	
   3.6755859e+03	   8.7410846e-01	  -5.3403607e-05	
   3.6991175e+03	   8.6348459e-01	  -5.0313491e-05	
   3.7226490e+03	   8.5363511e-01	  -4.6982506e-05	
   3.7473557e+03	   8.4415126e-01	  -4.3246172e-05	
   3.7720625e+03	   8.3556729e-01	  -3.9286714e-05	
   3.7967692e+03	   8.2790131e-01	  -3.5126620e-05	
   3.8214759e+03	   8.2116788e-01	  -3.0788717e-05	
   3.8477876e+03	   8.1503532e-01	  -2.5999508e-05	
   3.8740993e+03	   8.0998484e-01	  -2.1063301e-05	
   3.9004110e+03	   8.0602514e-01	  -1.6008734e-05	
   3.9267227e+03	   8.0316236e-01	  -1.0864533e-05	
   3.9553603e+03	   8.0129776e-01	  -5.1974660e-06	
   3.9839978e+03	   8.0074070e-01	   5.0409318e-07	
   4.0126354e+03	   8.0149217e-01	   6.2026022e-06	
   4.0412729e+03	   8.0355066e-01	   1.1860703e-05	
   4.0740186e+03	   8.0750099e-01	   1.8233200e-05	
   4.1067643e+03	   8.1314619e-01	   2.4448289e-05	
   4.1395099e+03	   8.2047177e-01	   3.0450529e-05	
   4.1722556e+03	   8.2945666e-01	   3.6185461e-05	
   4.2087422e+03	   8.4138746e-01	   4.2195387e-05	
   4.2452289e+03	   8.5529188e-01	   4.7733414e-05	
   4.2817155e+03	   8.7110009e-01	   5.2728456e-05	
   4.3182022e+03	   8.8872069e-01	   5.7113212e-05	
   4.3454667e+03	   9.0300328e-01	   5.9953087e-05	
   4.3727313e+03	   9.1817603e-01	   6.2391142e-05	
   4.3999958e+03	   9.3417038e-01	   6.4403961e-05	
   4.4272603e+03	   9.5090711e-01	   6.5970365e-05	
   4.4545249e+03	   9.6829591e-01	   6.7071475e-05	
   4.4817894e+03	   9.8623376e-01	   6.7690663e-05	
   4.5090539e+03	   1.0046052e+00	   6.7814455e-05	
   4.5363185e+03	   1.0232826e+00	   6.7432917e-05	
   4.5609792e+03	   1.0403235e+00	   6.6647194e-05	
   4.5856400e+03	   1.0573877e+00	   6.5440696e-05	
   4.6103007e+03	   1.0743558e+00	   6.3814288e-05	
   4.6349614e+03	   1.0911020e+00	   6.1771965e-05	
   4.6582683e+03	   1.1066066e+00	   5.9465860e-05	
   4.6815752e+03	   1.1216810e+00	   5.6803232e-05	
   4.7048820e+03	   1.1362087e+00	   5.3795457e-05	
   4.7281889e+03	   1.1500731e+00	   5.0456661e-05	
   4.7508462e+03	   1.1628051e+00	   4.6909561e-05	
   4.7735035e+03	   1.1746955e+00	   4.3083433e-05	
   4.7961608e+03	   1.1856432e+00	   3.8998498e-05	
   4.8188181e+03	   1.1955533e+00	   3.4677176e-05	
   4.8414692e+03	   1.2043348e+00	   3.0145232e-05	
   4.8641203e+03	   1.2119096e+00	   2.5428050e-05	
   4.8867714e+03	   1.2182069e+00	   2.0553794e-05	
   4.9094225e+03	   1.2231672e+00	   1.5552020e-05	
   4.9329212e+03	   1.2268495e+00	   1.0261257e-05	
   4.9564199e+03	   1.2290031e+00	   4.9020633e-06	
   4.9799186e+03	   1.2296052e+00	  -4.8931201e-07	
   5.0034173e+03	   1.2286497e+00	  -5.8764487e-06	
   5.0294980e+03	   1.2257785e+00	  -1.1806403e-05	
   5.0555788e+03	   1.2210392e+00	  -1.7636737e-05	
   5.0816595e+03	   1.2144922e+00	  -2.3319394e-05	
   5.1077402e+03	   1.2062205e+00	  -2.8808518e-05	
   5.1355856e+03	   1.1956022e+00	  -3.4406409e-05	
   5.1634310e+03	   1.1832840e+00	  -3.9684347e-05	
   5.1912764e+03	   1.1694318e+00	  -4.4597129e-05	
   5.2191217e+03	   1.1542257e+00	  -4.9104800e-05	
   5.2469671e+03	   1.1378573e+00	  -5.3172532e-05	
   5.2748125e+03	   1.1205249e+00	  -5.6770472e-05	
   5.3026579e+03	   1.1024278e+00	  -5.9874414e-05	
   5.3305033e+03	   1.0837630e+00	  -6.2465964e-05	
   5.3539028e+03	   1.0677809e+00	  -6.4237922e-05	
   5.3773023e+03	   1.0516450e+00	  -6.5633875e-05	
   5.4007019e+03	   1.0354612e+00	  -6.6651439e-05	
   5.4241014e+03	   1.0193292e+00	  -6.7290682e-05	
   5.4466896e+03	   1.0038935e+00	  -6.7551096e-05	
   5.4692779e+03	   9.8867265e-01	  -6.7465148e-05	
   5.4918661e+03	   9.7373955e-01	  -6.7038511e-05	
   5.5144543e+03	   9.5916105e-01	  -6.6278438e-05	
   5.5371464e+03	   9.4493390e-01	  -6.5187938e-05	
   5.5598385e+03	   9.3118219e-01	  -6.3779937e-05	
   5.5825305e+03	   9.1795638e-01	  -6.2065808e-05	
   5.6052226e+03	   9.0530119e-01	  -6.0057978e-05	
   5.6286100e+03	   8.9289699e-01	  -5.7695466e-05	
   5.6519974e+03	   8.8117903e-01	  -5.5050886e-05	
   5.6753847e+03	   8.7018056e-01	  -5.2140698e-05	
   5.6987721e+03	   8.5993001e-01	  -4.8982036e-05	
   5.7232805e+03	   8.5001690e-01	  -4.5424719e-05	
   5.7477890e+03	   8.4097536e-01	  -4.1635192e-05	
   5.7722974e+03	   8.3282529e-01	  -3.7635091e-05	
   5.7968058e+03	   8.2558285e-01	  -3.3446431e-05	
   5.8228412e+03	   8.1889784e-01	  -2.8815270e-05	
   5.8488766e+03	   8.1326447e-01	  -2.4023870e-05	
   5.8749119e+03	   8.0869274e-01	  -1.9099787e-05	
   5.9009473e+03	   8.0518994e-01	  -1.4070706e-05	
   5.9291633e+03	   8.0260653e-01	  -8.5341491e-06	
   5.9573792e+03	   8.0128913e-01	  -2.9427319e-06	
   5.9855952e+03	   8.0124000e-01	   2.6677151e-06	
   6.0138112e+03	   8.0245900e-01	   8.2614931e-06	
   6.0457068e+03	   8.0536087e-01	   1.4519974e-05	
   6.0776024e+03	   8.0987416e-01	   2.0659927e-05	
   6.1094980e+03	   8.1598837e-01	   2.6629968e-05	
   6.1413936e+03	   8.2368760e-01	   3.2379477e-05	
   6.1853583e+03	   8.3685619e-01	   3.9851625e-05	
   6.2293231e+03	   8.5291723e-01	   4.6680117e-05	
   6.2732878e+03	   8.7175735e-01	   5.2739399e-05	
   6.3172526e+03	   8.9321812e-01	   5.7911984e-05	
   6.3442884e+03	   9.0762945e-01	   6.0604605e-05	
   6.3713243e+03	   9.2289505e-01	   6.2895783e-05	
   6.3983601e+03	   9.3894508e-01	   6.4763289e-05	
   6.4253960e+03	   9.5569924e-01	   6.6187138e-05	
   6.4524318e+03	   9.7306634e-01	   6.7149650e-05	
   6.4794677e+03	   9.9094280e-01	   6.7635409e-05	
   6.5065035e+03	   1.0092130e+00	   6.7632135e-05	
   6.5335394e+03	   1.0277497e+00	   6.7131045e-05	
   6.5580902e+03	   1.0446970e+00	   6.6240245e-05	
   6.5826411e+03	   1.0616366e+00	   6.4933229e-05	
   6.6071919e+03	   1.0784490e+00	   6.3211620e-05	
   6.6317427e+03	   1.0950093e+00	   6.1080145e-05	
   6.6549961e+03	   1.1103438e+00	   5.8690416e-05	
   6.6782494e+03	   1.1252207e+00	   5.5949262e-05	
   6.7015028e+03	   1.1395244e+00	   5.2868660e-05	
   6.7247561e+03	   1.1531395e+00	   4.9463303e-05	
   6.7474017e+03	   1.1656278e+00	   4.5851334e-05	
   6.7700473e+03	   1.1772506e+00	   4.1966276e-05	
   6.7926928e+03	   1.1879086e+00	   3.7828863e-05	
   6.8153384e+03	   1.1975088e+00	   3.3461979e-05	
   6.8380246e+03	   1.2059791e+00	   2.8882152e-05	
   6.8607109e+03	   1.2132225e+00	   2.4124097e-05	
   6.8833972e+03	   1.2191709e+00	   1.9216450e-05	
   6.9060834e+03	   1.2237678e+00	   1.4189171e-05	
   6.9296910e+03	   1.2270690e+00	   8.8642130e-06	
   6.9532985e+03	   1.2288237e+00	   3.4797243e-06	
   6.9769061e+03	   1.2290132e+00	  -1.9275053e-06	
   7.0005136e+03	   1.2276358e+00	  -7.3206180e-06	
   7.0269020e+03	   1.2242603e+00	  -1.3287151e-05	
   7.0532904e+03	   1.2189908e+00	  -1.9139219e-05	
   7.0796788e+03	   1.2118960e+00	  -2.4827618e-05	
   7.1060672e+03	   1.2030675e+00	  -3.0305608e-05	
   7.1370191e+03	   1.1906544e+00	  -3.6403605e-05	
   7.1679710e+03	   1.1762228e+00	  -4.2085241e-05	
   7.1989229e+03	   1.1600090e+00	  -4.7291386e-05	
   7.2298748e+03	   1.1422679e+00	  -5.1971240e-05	
   7.2530972e+03	   1.1281163e+00	  -5.5110769e-05	
   7.2763195e+03	   1.1133717e+00	  -5.7914483e-05	
   7.2995419e+03	   1.0981494e+00	  -6.0369907e-05	
   7.3227643e+03	   1.0825629e+00	  -6.2467320e-05	
   7.3459866e+03	   1.0667232e+00	  -6.4199626e-05	
   7.3692090e+03	   1.0507380e+00	  -6.5562184e-05	
   7.3924313e+03	   1.0347102e+00	  -6.6552787e-05	
   7.4156537e+03	   1.0187369e+00	  -6.7171594e-05	
   7.4382482e+03	   1.0033344e+00	  -6.7419072e-05	
   7.4608428e+03	   9.8814869e-01	  -6.7320864e-05	
   7.4834373e+03	   9.7325240e-01	  -6.6882686e-05	
   7.5060318e+03	   9.5871211e-01	  -6.6111828e-05	
   7.5287347e+03	   9.4452172e-01	  -6.5011032e-05	
   7.5514377e+03	   9.3080790e-01	  -6.3593433e-05	
   7.5741406e+03	   9.1762092e-01	  -6.1870430e-05	
   7.5968435e+03	   9.0500535e-01	  -5.9854476e-05	
   7.6202463e+03	   8.9264045e-01	  -5.7483947e-05	
   7.6436491e+03	   8.8096256e-01	  -5.4832094e-05	
   7.6670519e+03	   8.7000482e-01	  -5.1915403e-05	
   7.6904546e+03	   8.5979556e-01	  -4.8751035e-05	
   7.7149808e+03	   8.4992558e-01	  -4.5188376e-05	
   7.7395070e+03	   8.4092771e-01	  -4.1394403e-05	
   7.7640332e+03	   8.3282179e-01	  -3.7390782e-05	
   7.7885594e+03	   8.2562390e-01	  -3.3199552e-05	
   7.8146167e+03	   8.1898589e-01	  -2.8566181e-05	
   7.8406739e+03	   8.1340012e-01	  -2.3773669e-05	
   7.8667312e+03	   8.0887654e-01	  -1.8849610e-05	
   7.8927885e+03	   8.0542239e-01	  -1.3821727e-05	
   7.9210352e+03	   8.0289177e-01	  -8.2864585e-06	
   7.9492819e+03	   8.0162826e-01	  -2.6977775e-06	
   7.9775285e+03	   8.0163406e-01	   2.9084166e-06	
   8.0057752e+03	   8.0290894e-01	   8.4963585e-06	
   8.0377287e+03	   8.0587769e-01	   1.4750755e-05	
   8.0696822e+03	   8.1046107e-01	   2.0884219e-05	
   8.1016357e+03	   8.1664824e-01	   2.6845175e-05	
   8.1335892e+03	   8.2442292e-01	   3.2582826e-05	
   8.1779450e+03	   8.3780282e-01	   4.0084330e-05	
   8.2223008e+03	   8.5411760e-01	   4.6926102e-05	
   8.2666567e+03	   8.7324872e-01	   5.2979669e-05	
   8.3110125e+03	   8.9503046e-01	   5.8125058e-05	
   8.3379655e+03	   9.0947154e-01	   6.0760137e-05	
   8.3649184e+03	   9.2475244e-01	   6.2994398e-05	
   8.3918714e+03	   9.4080289e-01	   6.4806076e-05	
   8.4188244e+03	   9.5754223e-01	   6.6175652e-05	
   8.4457773e+03	   9.7487902e-01	   6.7085911e-05	
   8.4727303e+03	   9.9270956e-01	   6.7521910e-05	
   8.4996832e+03	   1.0109183e+00	   6.7471826e-05	
   8.5266362e+03	   1.0293782e+00	   6.6927316e-05	
   8.5511502e+03	   1.0462694e+00	   6.5998600e-05	
   8.5756641e+03	   1.0631411e+00	   6.4655815e-05	
   8.6001781e+03	   1.0798740e+00	   6.2900871e-05	
   8.6246920e+03	   1.0963432e+00	   6.0738767e-05	
   8.6479305e+03	   1.1115946e+00	   5.8320524e-05	
   8.6711689e+03	   1.1263783e+00	   5.5553131e-05	
   8.6944074e+03	   1.1405793e+00	   5.2448785e-05	
   8.7176459e+03	   1.1540827e+00	   4.9022387e-05	
   8.7402933e+03	   1.1664629e+00	   4.5389982e-05	
   8.7629406e+03	   1.1779694e+00	   4.1487008e-05	
   8.7855880e+03	   1.1885037e+00	   3.7334379e-05	
   8.8082354e+03	   1.1979736e+00	   3.2955139e-05	
   8.8309424e+03	   1.2063142e+00	   2.8362047e-05	
   8.8536494e+03	   1.2134215e+00	   2.3593584e-05	
   8.8763564e+03	   1.2192283e+00	   1.8678549e-05	
   8.8990634e+03	   1.2236795e+00	   1.3647037e-05	
   8.9227215e+03	   1.2268290e+00	   8.3145480e-06	
   8.9463797e+03	   1.2284267e+00	   2.9260562e-06	
   8.9700378e+03	   1.2284555e+00	  -2.4814628e-06	
   8.9936960e+03	   1.2269154e+00	  -7.8710060e-06	
   9.0202179e+03	   1.2233447e+00	  -1.3846043e-05	
   9.0467398e+03	   1.2178715e+00	  -1.9700738e-05	
   9.0732617e+03	   1.2105676e+00	  -2.5385450e-05	
   9.0997836e+03	   1.2015280e+00	  -3.0853111e-05	
   9.1286996e+03	   1.1898305e+00	  -3.6515049e-05	
   9.1576155e+03	   1.1763810e+00	  -4.1812704e-05	
   9.1865315e+03	   1.1613720e+00	  -4.6697985e-05	
   9.2154474e+03	   1.1450098e+00	  -5.1129073e-05	
   9.2443634e+03	   1.1275118e+00	  -5.5070231e-05	
   9.2732793e+03	   1.1091005e+00	  -5.8491562e-05	
   9.3021952e+03	   1.0899972e+00	  -6.1369696e-05	
   9.3311112e+03	   1.0704183e+00	  -6.3687924e-05	
   9.3543671e+03	   1.0544692e+00	  -6.5138840e-05	
   9.3776229e+03	   1.0384527e+00	  -6.6217855e-05	
   9.4008788e+03	   1.0224678e+00	  -6.6924532e-05	
   9.4241346e+03	   1.0066072e+00	  -6.7260701e-05	
   9.4467198e+03	   9.9140530e-01	  -6.7236279e-05	
   9.4693050e+03	   9.7647636e-01	  -6.6871495e-05	
   9.4918901e+03	   9.6188833e-01	  -6.6173280e-05	
   9.5144753e+03	   9.4770295e-01	  -6.5150028e-05	
   9.5372572e+03	   9.3385869e-01	  -6.3798475e-05	
   9.5600391e+03	   9.2053299e-01	  -6.2137393e-05	
   9.5828210e+03	   9.0777226e-01	  -6.0179135e-05	
   9.6056029e+03	   8.9561741e-01	  -5.7937023e-05	
   9.6292060e+03	   8.8370164e-01	  -5.5329896e-05	
   9.6528091e+03	   8.7250970e-01	  -5.2450084e-05	
   9.6764121e+03	   8.6207189e-01	  -4.9315050e-05	
   9.7000152e+03	   8.5241391e-01	  -4.5942875e-05	
   9.7248094e+03	   8.4313198e-01	  -4.2165553e-05	
   9.7496036e+03	   8.3475569e-01	  -3.8169396e-05	
   9.7743977e+03	   8.2730272e-01	  -3.3977112e-05	
   9.7991919e+03	   8.2078722e-01	  -2.9611732e-05	
   9.8256176e+03	   8.1488754e-01	  -2.4794803e-05	
   9.8520434e+03	   8.1007649e-01	  -1.9836480e-05	
   9.8784691e+03	   8.0636243e-01	  -1.4765696e-05	
   9.9048948e+03	   8.0375119e-01	  -9.6114601e-06	
   9.9337021e+03	   8.0216528e-01	  -3.9318017e-06	
   9.9625093e+03	   8.0189730e-01	   1.7743732e-06	
   9.9913165e+03	   8.0294778e-01	   7.4690051e-06	
   1.0020124e+04	   8.0531464e-01	   1.3114240e-05	
   1.0053224e+04	   8.0965327e-01	   1.9490918e-05	
   1.0086324e+04	   8.1571331e-01	   2.5695184e-05	
   1.0119424e+04	   8.2347831e-01	   3.1670142e-05	
   1.0152524e+04	   8.3292453e-01	   3.7359987e-05	
   1.0190864e+04	   8.4592529e-01	   4.3522326e-05	
   1.0229203e+04	   8.6107452e-01	   4.9144316e-05	
   1.0267543e+04	   8.7828383e-01	   5.4144830e-05	
   1.0305883e+04	   8.9743710e-01	   5.8447749e-05	
   1.0332819e+04	   9.1197865e-01	   6.1014940e-05	
   1.0359755e+04	   9.2734671e-01	   6.3179037e-05	
   1.0386691e+04	   9.4346960e-01	   6.4918671e-05	
   1.0413626e+04	   9.6026520e-01	   6.6214749e-05	
   1.0440562e+04	   9.7764058e-01	   6.7050522e-05	
   1.0467498e+04	   9.9549054e-01	   6.7411554e-05	
   1.0494434e+04	   1.0136981e+00	   6.7286566e-05	
   1.0521370e+04	   1.0321350e+00	   6.6667792e-05	
   1.0545830e+04	   1.0489594e+00	   6.5674442e-05	
   1.0570291e+04	   1.0657447e+00	   6.4269799e-05	
   1.0594752e+04	   1.0823717e+00	   6.2456244e-05	
   1.0619213e+04	   1.0987160e+00	   6.0239240e-05	
   1.0642423e+04	   1.1138455e+00	   5.7770294e-05	
   1.0665632e+04	   1.1284904e+00	   5.4955655e-05	
   1.0688842e+04	   1.1425360e+00	   5.1807898e-05	
   1.0712052e+04	   1.1558685e+00	   4.8342273e-05	
   1.0734697e+04	   1.1680817e+00	   4.4671634e-05	
   1.0757343e+04	   1.1794065e+00	   4.0734403e-05	
   1.0779988e+04	   1.1897457e+00	   3.6551810e-05	
   1.0802633e+04	   1.1990086e+00	   3.2147183e-05	
   1.0825370e+04	   1.2071415e+00	   2.7527028e-05	
   1.0848106e+04	   1.2140290e+00	   2.2736140e-05	
   1.0870842e+04	   1.2196059e+00	   1.7803611e-05	
   1.0893578e+04	   1.2238188e+00	   1.2759781e-05	
   1.0917315e+04	   1.2267181e+00	   7.4090494e-06	
   1.0941053e+04	   1.2280551e+00	   2.0081973e-06	
   1.0964791e+04	   1.2278154e+00	  -3.4054570e-06	
   1.0988528e+04	   1.2260019e+00	  -8.7946384e-06	
   1.1015274e+04	   1.2220981e+00	  -1.4791292e-05	
   1.1042020e+04	   1.2162747e+00	  -2.0657434e-05	
   1.1068766e+04	   1.2086094e+00	  -2.6342621e-05	
   1.1095512e+04	   1.1992029e+00	  -3.1799169e-05	
   1.1122594e+04	   1.1880286e+00	  -3.7045495e-05	
   1.1149676e+04	   1.1753388e+00	  -4.1968119e-05	
   1.1176758e+04	   1.1612920e+00	  -4.6527996e-05	
   1.1203840e+04	   1.1460578e+00	  -5.0690879e-05	
   1.1230922e+04	   1.1298137e+00	  -5.4427195e-05	
   1.1258004e+04	   1.1127419e+00	  -5.7711864e-05	
   1.1285086e+04	   1.0950240e+00	  -6.0524818e-05	
   1.1312168e+04	   1.0768385e+00	  -6.2851103e-05	
   1.1335428e+04	   1.0609791e+00	  -6.4452722e-05	
   1.1358687e+04	   1.0450093e+00	  -6.5683960e-05	
   1.1381947e+04	   1.0290304e+00	  -6.6543405e-05	
   1.1405206e+04	   1.0131373e+00	  -6.7031969e-05	
   1.1427808e+04	   9.9786025e-01	  -6.7154338e-05	
   1.1450410e+04	   9.8282493e-01	  -6.6934031e-05	
   1.1473012e+04	   9.6810181e-01	  -6.6377307e-05	
   1.1495614e+04	   9.5375517e-01	  -6.5491945e-05	
   1.1518364e+04	   9.3975423e-01	  -6.4278263e-05	
   1.1541113e+04	   9.2624795e-01	  -6.2751651e-05	
   1.1563862e+04	   9.1328483e-01	  -6.0923923e-05	
   1.1586612e+04	   9.0090774e-01	  -5.8807910e-05	
   1.1610115e+04	   8.8877593e-01	  -5.6333628e-05	
   1.1633618e+04	   8.7734656e-01	  -5.3582478e-05	
   1.1657122e+04	   8.6665150e-01	  -5.0571366e-05	
   1.1680625e+04	   8.5671789e-01	  -4.7317846e-05	
   1.1705281e+04	   8.4714035e-01	  -4.3664014e-05	
   1.1729937e+04	   8.3844867e-01	  -3.9785026e-05	
   1.1754594e+04	   8.3066172e-01	  -3.5702989e-05	
   1.1779250e+04	   8.2379474e-01	  -3.1440363e-05	
   1.1805482e+04	   8.1751255e-01	  -2.6732643e-05	
   1.1831714e+04	   8.1229740e-01	  -2.1874246e-05	
   1.1857946e+04	   8.0815854e-01	  -1.6893333e-05	
   1.1884178e+04	   8.0510260e-01	  -1.1818172e-05	
   1.1912684e+04	   8.0301461e-01	  -6.2291415e-06	
   1.1941191e+04	   8.0221459e-01	  -5.9912559e-07	
   1.1969698e+04	   8.0270398e-01	   5.0350584e-06	
   1.1998205e+04	   8.0448170e-01	   1.0636759e-05	
   1.2030673e+04	   8.0807128e-01	   1.6930856e-05	
   1.2063141e+04	   8.1331959e-01	   2.3081186e-05	
   1.2095610e+04	   8.2021330e-01	   2.9033939e-05	
   1.2128078e+04	   8.2873285e-01	   3.4736218e-05	
   1.2164218e+04	   8.4009528e-01	   4.0725349e-05	
   1.2200358e+04	   8.5339193e-01	   4.6268347e-05	
   1.2236497e+04	   8.6855816e-01	   5.1296147e-05	
   1.2272637e+04	   8.8550946e-01	   5.5743174e-05	
   1.2300115e+04	   8.9952802e-01	   5.8697211e-05	
   1.2327593e+04	   9.1446078e-01	   6.1253210e-05	
   1.2355070e+04	   9.3024064e-01	   6.3386890e-05	
   1.2382548e+04	   9.4678988e-01	   6.5076186e-05	
   1.2410026e+04	   9.6401964e-01	   6.6301316e-05	
   1.2437504e+04	   9.8182830e-01	   6.7044713e-05	
   1.2464981e+04	   1.0001016e+00	   6.7291959e-05	
   1.2492459e+04	   1.0187130e+00	   6.7032179e-05	
   1.2517252e+04	   1.0356810e+00	   6.6356501e-05	
   1.2542045e+04	   1.0526996e+00	   6.5259257e-05	
   1.2566839e+04	   1.0696502e+00	   6.3740627e-05	
   1.2591632e+04	   1.0864078e+00	   6.1803923e-05	
   1.2615027e+04	   1.1019262e+00	   5.9598768e-05	
   1.2638423e+04	   1.1170421e+00	   5.7035087e-05	
   1.2661818e+04	   1.1316394e+00	   5.4123644e-05	
   1.2685213e+04	   1.1456015e+00	   5.0877963e-05	
   1.2707927e+04	   1.1584390e+00	   4.7422412e-05	
   1.2730641e+04	   1.1704626e+00	   4.3684420e-05	
   1.2753355e+04	   1.1815711e+00	   3.9683629e-05	
   1.2776069e+04	   1.1916684e+00	   3.5441906e-05	
   1.2798741e+04	   1.2006487e+00	   3.0991762e-05	
   1.2821412e+04	   1.2084497e+00	   2.6351390e-05	
   1.2844083e+04	   1.2149990e+00	   2.1548375e-05	
   1.2866755e+04	   1.2202351e+00	   1.6611739e-05	
   1.2890216e+04	   1.2242178e+00	   1.1394814e-05	
   1.2913676e+04	   1.2266993e+00	   6.1021893e-06	
   1.2937137e+04	   1.2276536e+00	   7.6944483e-07	
   1.2960598e+04	   1.2270709e+00	  -4.5675809e-06	
   1.2986485e+04	   1.2246525e+00	  -1.0418560e-05	
   1.3012373e+04	   1.2204016e+00	  -1.6182860e-05	
   1.3038261e+04	   1.2143719e+00	  -2.1813620e-05	
   1.3064148e+04	   1.2066385e+00	  -2.7265962e-05	
   1.3091995e+04	   1.1965271e+00	  -3.2882878e-05	
   1.3119841e+04	   1.1846963e+00	  -3.8193683e-05	
   1.3147688e+04	   1.1713058e+00	  -4.3152542e-05	
   1.3175535e+04	   1.1565307e+00	  -4.7718713e-05	
   1.3203381e+04	   1.1405582e+00	  -5.1856449e-05	
   1.3231228e+04	   1.1235831e+00	  -5.5534860e-05	
   1.3259075e+04	   1.1058026e+00	  -5.8728633e-05	
   1.3286921e+04	   1.0874120e+00	  -6.1418219e-05	
   1.3310455e+04	   1.0715362e+00	  -6.3287595e-05	
   1.3333990e+04	   1.0554749e+00	  -6.4780924e-05	
   1.3357524e+04	   1.0393360e+00	  -6.5895082e-05	
   1.3381058e+04	   1.0232217e+00	  -6.6629471e-05	
   1.3403697e+04	   1.0078335e+00	  -6.6979182e-05	
   1.3426335e+04	   9.9263747e-01	  -6.6982572e-05	
   1.3448974e+04	   9.7770823e-01	  -6.6644833e-05	
   1.3471612e+04	   9.6311409e-01	  -6.5972779e-05	
   1.3494316e+04	   9.4887716e-01	  -6.4971397e-05	
   1.3517020e+04	   9.3509748e-01	  -6.3651918e-05	
   1.3539723e+04	   9.2182680e-01	  -6.2025322e-05	
   1.3562427e+04	   9.0911112e-01	  -6.0103672e-05	
   1.3585781e+04	   8.9665295e-01	  -5.7832883e-05	
   1.3609136e+04	   8.8486437e-01	  -5.5278966e-05	
   1.3632490e+04	   8.7377969e-01	  -5.2457980e-05	
   1.3655844e+04	   8.6342833e-01	  -4.9386685e-05	
   1.3680295e+04	   8.5340416e-01	  -4.5922009e-05	
   1.3704745e+04	   8.4423593e-01	  -4.2222764e-05	
   1.3729195e+04	   8.3594442e-01	  -3.8310163e-05	
   1.3753645e+04	   8.2854661e-01	  -3.4205816e-05	
   1.3779590e+04	   8.2168906e-01	  -2.9665396e-05	
   1.3805535e+04	   8.1586677e-01	  -2.4960599e-05	
   1.3831481e+04	   8.1109036e-01	  -2.0118469e-05	
   1.3857426e+04	   8.0736774e-01	  -1.5166195e-05	
   1.3885498e+04	   8.0453321e-01	  -9.7155012e-06	
   1.3913570e+04	   8.0294398e-01	  -4.2028831e-06	
   1.3941642e+04	   8.0260284e-01	   1.3365881e-06	
   1.3969714e+04	   8.0351014e-01	   6.8679524e-06	
   1.4001325e+04	   8.0602389e-01	   1.3043553e-05	
   1.4032937e+04	   8.1011321e-01	   1.9114524e-05	
   1.4064549e+04	   8.1576868e-01	   2.5031063e-05	
   1.4096160e+04	   8.2297579e-01	   3.0744068e-05	
   1.4138421e+04	   8.3499834e-01	   3.7980004e-05	
   1.4180681e+04	   8.4969372e-01	   4.4650453e-05	
   1.4222942e+04	   8.6696835e-01	   5.0643726e-05	
   1.4265203e+04	   8.8669253e-01	   5.5854535e-05	
   1.4292658e+04	   9.0074170e-01	   5.8773293e-05	
   1.4320114e+04	   9.1569719e-01	   6.1293598e-05	
   1.4347570e+04	   9.3149139e-01	   6.3391412e-05	
   1.4375026e+04	   9.4804603e-01	   6.5044926e-05	
   1.4402482e+04	   9.6527174e-01	   6.6234625e-05	
   1.4429937e+04	   9.8306643e-01	   6.6943222e-05	
   1.4457393e+04	   1.0013155e+00	   6.7156590e-05	
   1.4484849e+04	   1.0198919e+00	   6.6864150e-05	
   1.4509618e+04	   1.0368162e+00	   6.6160448e-05	
   1.4534388e+04	   1.0537822e+00	   6.5036778e-05	
   1.4559157e+04	   1.0706715e+00	   6.3493539e-05	
   1.4583926e+04	   1.0873592e+00	   6.1534255e-05	
   1.4607312e+04	   1.1028120e+00	   5.9308580e-05	
   1.4630697e+04	   1.1178550e+00	   5.6726158e-05	
   1.4654082e+04	   1.1323724e+00	   5.3797915e-05	
   1.4677467e+04	   1.1462480e+00	   5.0537529e-05	
   1.4700183e+04	   1.1590024e+00	   4.7067899e-05	
   1.4722899e+04	   1.1709371e+00	   4.3317755e-05	
   1.4745615e+04	   1.1819513e+00	   3.9306871e-05	
   1.4768331e+04	   1.1919496e+00	   3.5057226e-05	
   1.4791019e+04	   1.2008324e+00	   3.0598674e-05	
   1.4813706e+04	   1.2085315e+00	   2.5952025e-05	
   1.4836393e+04	   1.2149751e+00	   2.1144976e-05	
   1.4859081e+04	   1.2201028e+00	   1.6206642e-05	
   1.4882578e+04	   1.2239742e+00	   1.0985987e-05	
   1.4906076e+04	   1.2263411e+00	   5.6921720e-06	
   1.4929573e+04	   1.2271785e+00	   3.6089734e-07	
   1.4953070e+04	   1.2264780e+00	  -4.9719051e-06	
   1.4979046e+04	   1.2239234e+00	  -1.0825668e-05	
   1.5005022e+04	   1.2195317e+00	  -1.6588854e-05	
   1.5030998e+04	   1.2133586e+00	  -2.2214347e-05	
   1.5056974e+04	   1.2054813e+00	  -2.7657077e-05	
   1.5084812e+04	   1.1952583e+00	  -3.3238533e-05	
   1.5112651e+04	   1.1833325e+00	  -3.8511093e-05	
   1.5140489e+04	   1.1698645e+00	  -4.3429411e-05	
   1.5168328e+04	   1.1550297e+00	  -4.7953246e-05	
   1.5196166e+04	   1.1390151e+00	  -5.2047354e-05	
   1.5224005e+04	   1.1220153e+00	  -5.5681343e-05	
   1.5251843e+04	   1.1042266e+00	  -5.8830384e-05	
   1.5279682e+04	   1.0858435e+00	  -6.1475379e-05	
   1.5303196e+04	   1.0699942e+00	  -6.3306611e-05	
   1.5326711e+04	   1.0539692e+00	  -6.4762847e-05	
   1.5350226e+04	   1.0378755e+00	  -6.5841189e-05	
   1.5373741e+04	   1.0218142e+00	  -6.6541235e-05	
   1.5396384e+04	   1.0064676e+00	  -6.6859610e-05	
   1.5419027e+04	   9.9131936e-01	  -6.6832607e-05	
   1.5441670e+04	   9.7644329e-01	  -6.6465547e-05	
   1.5464314e+04	   9.6190715e-01	  -6.5765362e-05	
   1.5487032e+04	   9.4772663e-01	  -6.4736553e-05	
   1.5509750e+04	   9.3400753e-01	  -6.3390772e-05	
   1.5532469e+04	   9.2080113e-01	  -6.1739096e-05	
   1.5555187e+04	   9.0815302e-01	  -5.9793675e-05	
   1.5578569e+04	   8.9576093e-01	  -5.7498582e-05	
   1.5601951e+04	   8.8404182e-01	  -5.4921613e-05	
   1.5625333e+04	   8.7302968e-01	  -5.2078922e-05	
   1.5648714e+04	   8.6275364e-01	  -4.8987357e-05	
   1.5673199e+04	   8.5280886e-01	  -4.5502271e-05	
   1.5697684e+04	   8.4372291e-01	  -4.1784267e-05	
   1.5722168e+04	   8.3551634e-01	  -3.7854655e-05	
   1.5746653e+04	   8.2820592e-01	  -3.3735139e-05	
   1.5772642e+04	   8.2144162e-01	  -2.9179264e-05	
   1.5798632e+04	   8.1571559e-01	  -2.4461193e-05	
   1.5824622e+04	   8.1103834e-01	  -1.9608092e-05	
   1.5850612e+04	   8.0741759e-01	  -1.4647272e-05	
   1.5878748e+04	   8.0469500e-01	  -9.1870433e-06	
   1.5906885e+04	   8.0322201e-01	  -3.6679594e-06	
   1.5935021e+04	   8.0300124e-01	   1.8747089e-06	
   1.5963158e+04	   8.0403283e-01	   7.4058092e-06	
   1.5994890e+04	   8.0669622e-01	   1.3586103e-05	
   1.6026623e+04	   8.1094429e-01	   1.9656471e-05	
   1.6058356e+04	   8.1676705e-01	   2.5566637e-05	
   1.6090088e+04	   8.2414924e-01	   3.1267056e-05	
   1.6133038e+04	   8.3658586e-01	   3.8562017e-05	
   1.6175988e+04	   8.5177072e-01	   4.5262808e-05	
   1.6218938e+04	   8.6960203e-01	   5.1252805e-05	
   1.6261887e+04	   8.8993853e-01	   5.6422438e-05	
   1.6289168e+04	   9.0407494e-01	   5.9232730e-05	
   1.6316448e+04	   9.1909065e-01	   6.1645105e-05	
   1.6343729e+04	   9.3491717e-01	   6.3636431e-05	
   1.6371009e+04	   9.5147555e-01	   6.5185805e-05	
   1.6398289e+04	   9.6867587e-01	   6.6274617e-05	
   1.6425570e+04	   9.8641574e-01	   6.6886501e-05	
   1.6452850e+04	   1.0045806e+00	   6.7008224e-05	
   1.6480131e+04	   1.0230438e+00	   6.6630065e-05	
   1.6504820e+04	   1.0398953e+00	   6.5851673e-05	
   1.6529509e+04	   1.0567664e+00	   6.4656743e-05	
   1.6554199e+04	   1.0735385e+00	   6.3046220e-05	
   1.6578888e+04	   1.0900875e+00	   6.1024155e-05	
   1.6602236e+04	   1.1054148e+00	   5.8739776e-05	
   1.6625584e+04	   1.1203129e+00	   5.6102378e-05	
   1.6648931e+04	   1.1346666e+00	   5.3123319e-05	
   1.6672279e+04	   1.1483607e+00	   4.9816679e-05	
   1.6694988e+04	   1.1609385e+00	   4.6302135e-05	
   1.6717697e+04	   1.1726800e+00	   4.2511367e-05	
   1.6740406e+04	   1.1834854e+00	   3.8464510e-05	
   1.6763115e+04	   1.1932609e+00	   3.4183871e-05	
   1.6785829e+04	   1.2019208e+00	   2.9692880e-05	
   1.6808543e+04	   1.2093831e+00	   2.5018800e-05	
   1.6831256e+04	   1.2155779e+00	   2.0189656e-05	
   1.6853970e+04	   1.2204468e+00	   1.5234843e-05	
   1.6877545e+04	   1.2240483e+00	   9.9919758e-06	
   1.6901121e+04	   1.2261333e+00	   4.6822160e-06	
   1.6924696e+04	   1.2266798e+00	  -6.5836653e-07	
   1.6948271e+04	   1.2256822e+00	  -5.9935443e-06	
   1.6974458e+04	   1.2227775e+00	  -1.1869481e-05	
   1.7000645e+04	   1.2180193e+00	  -1.7644707e-05	
   1.7026832e+04	   1.2114684e+00	  -2.3271356e-05	
   1.7053019e+04	   1.2032079e+00	  -2.8703781e-05	
   1.7080979e+04	   1.1926178e+00	  -3.4240866e-05	
   1.7108939e+04	   1.1803448e+00	  -3.9457708e-05	
   1.7136899e+04	   1.1665544e+00	  -4.4309388e-05	
   1.7164860e+04	   1.1514261e+00	  -4.8756242e-05	
   1.7192820e+04	   1.1351509e+00	  -5.2763739e-05	
   1.7220780e+04	   1.1179262e+00	  -5.6302320e-05	
   1.7248740e+04	   1.0999503e+00	  -5.9348071e-05	
   1.7276700e+04	   1.0814192e+00	  -6.1882886e-05	
   1.7300147e+04	   1.0655913e+00	  -6.3605314e-05	
   1.7323595e+04	   1.0496174e+00	  -6.4954679e-05	
   1.7347042e+04	   1.0336019e+00	  -6.5928758e-05	
   1.7370489e+04	   1.0176436e+00	  -6.6527758e-05	
   1.7393130e+04	   1.0023754e+00	  -6.6752519e-05	
   1.7415770e+04	   9.8732500e-01	  -6.6633945e-05	
   1.7438411e+04	   9.7256444e-01	  -6.6177781e-05	
   1.7461051e+04	   9.5815981e-01	  -6.5391335e-05	
   1.7483798e+04	   9.4410615e-01	  -6.4277389e-05	
   1.7506546e+04	   9.3052811e-01	  -6.2849117e-05	
   1.7529293e+04	   9.1747564e-01	  -6.1117917e-05	
   1.7552041e+04	   9.0499301e-01	  -5.9096234e-05	
   1.7575493e+04	   8.9276166e-01	  -5.6722024e-05	
   1.7598945e+04	   8.8121543e-01	  -5.4069010e-05	
   1.7622397e+04	   8.7038732e-01	  -5.1153666e-05	
   1.7645849e+04	   8.6030556e-01	  -4.7993140e-05	
   1.7670426e+04	   8.5056708e-01	  -4.4437260e-05	
   1.7695003e+04	   8.4169825e-01	  -4.0652788e-05	
   1.7719580e+04	   8.3371887e-01	  -3.6661373e-05	
   1.7744157e+04	   8.2664503e-01	  -3.2485038e-05	
   1.7770272e+04	   8.2013532e-01	  -2.7869820e-05	
   1.7796386e+04	   8.1467534e-01	  -2.3098426e-05	
   1.7822501e+04	   8.1027505e-01	  -1.8198448e-05	
   1.7848616e+04	   8.0694170e-01	  -1.3197603e-05	
   1.7876938e+04	   8.0453834e-01	  -7.6923841e-06	
   1.7905260e+04	   8.0340024e-01	  -2.1371877e-06	
   1.7933582e+04	   8.0352946e-01	   3.4320448e-06	
   1.7961905e+04	   8.0492555e-01	   8.9795129e-06	
   1.7993997e+04	   8.0803486e-01	   1.5194067e-05	
   1.8026089e+04	   8.1276032e-01	   2.1282626e-05	
   1.8058181e+04	   8.1909025e-01	   2.7193353e-05	
   1.8090273e+04	   8.2700723e-01	   3.2875232e-05	
   1.8126460e+04	   8.3780817e-01	   3.8944814e-05	
   1.8162647e+04	   8.5055271e-01	   4.4587845e-05	
   1.8198833e+04	   8.6518024e-01	   4.9734763e-05	
   1.8235020e+04	   8.8161106e-01	   5.4319325e-05	
   1.8262771e+04	   8.9537168e-01	   5.7414651e-05	
   1.8290522e+04	   9.1007894e-01	   6.0114682e-05	
   1.8318274e+04	   9.2566719e-01	   6.2393972e-05	
   1.8346025e+04	   9.4206008e-01	   6.4229282e-05	
   1.8373776e+04	   9.5917003e-01	   6.5599641e-05	
   1.8401528e+04	   9.7689652e-01	   6.6486270e-05	
   1.8429279e+04	   9.9512611e-01	   6.6873548e-05	
   1.8457030e+04	   1.0137326e+00	   6.6749423e-05	
   1.8481971e+04	   1.0306622e+00	   6.6194483e-05	
   1.8506912e+04	   1.0476735e+00	   6.5216028e-05	
   1.8531853e+04	   1.0646487e+00	   6.3813452e-05	
   1.8556794e+04	   1.0814633e+00	   6.1989288e-05	
   1.8580281e+04	   1.0970334e+00	   5.9891128e-05	
   1.8603767e+04	   1.1122313e+00	   5.7431474e-05	
   1.8627254e+04	   1.1269410e+00	   5.4620415e-05	
   1.8650740e+04	   1.1410459e+00	   5.1470818e-05	
   1.8673507e+04	   1.1540304e+00	   4.8109346e-05	
   1.8696273e+04	   1.1662307e+00	   4.4461088e-05	
   1.8719040e+04	   1.1775446e+00	   4.0545067e-05	
   1.8741807e+04	   1.1878748e+00	   3.6382562e-05	
   1.8764489e+04	   1.1970973e+00	   3.2013688e-05	
   1.8787170e+04	   1.2051687e+00	   2.7448676e-05	
   1.8809852e+04	   1.2120146e+00	   2.2714508e-05	
   1.8832534e+04	   1.2175710e+00	   1.7839655e-05	
   1.8855940e+04	   1.2218973e+00	   1.2693245e-05	
   1.8879347e+04	   1.2247496e+00	   7.4629409e-06	
   1.8902753e+04	   1.2260985e+00	   2.1836391e-06	
   1.8926159e+04	   1.2259303e+00	  -3.1094107e-06	
   1.8951827e+04	   1.2240043e+00	  -8.8878783e-06	
   1.8977496e+04	   1.2202805e+00	  -1.4593506e-05	
   1.9003165e+04	   1.2148050e+00	  -2.0180626e-05	
   1.9028833e+04	   1.2076448e+00	  -2.5605325e-05	
   1.9056928e+04	   1.1979801e+00	  -3.1306985e-05	
   1.9085022e+04	   1.1865398e+00	  -3.6711562e-05	
   1.9113117e+04	   1.1734817e+00	  -4.1771204e-05	
   1.9141211e+04	   1.1589806e+00	  -4.6443183e-05	
   1.9169306e+04	   1.1432249e+00	  -5.0689812e-05	
   1.9197401e+04	   1.1264115e+00	  -5.4478326e-05	
   1.9225495e+04	   1.1087406e+00	  -5.7781676e-05	
   1.9253590e+04	   1.0904117e+00	  -6.0578745e-05	
   1.9277259e+04	   1.0746044e+00	  -6.2530737e-05	
   1.9300928e+04	   1.0585846e+00	  -6.4105817e-05	
   1.9324597e+04	   1.0424626e+00	  -6.5300233e-05	
   1.9348267e+04	   1.0263426e+00	  -6.6112827e-05	
   1.9370947e+04	   1.0109894e+00	  -6.6534410e-05	
   1.9393627e+04	   9.9581012e-01	  -6.6609616e-05	
   1.9416308e+04	   9.8088069e-01	  -6.6343247e-05	
   1.9438988e+04	   9.6627066e-01	  -6.5741759e-05	
   1.9461701e+04	   9.5202345e-01	  -6.4811579e-05	
   1.9484414e+04	   9.3821891e-01	  -6.3562769e-05	
   1.9507127e+04	   9.2490983e-01	  -6.2005993e-05	
   1.9529840e+04	   9.1214323e-01	  -6.0153025e-05	
   1.9553168e+04	   8.9963965e-01	  -5.7955062e-05	
   1.9576495e+04	   8.8779242e-01	  -5.5473078e-05	
   1.9599823e+04	   8.7663670e-01	  -5.2722814e-05	
   1.9623150e+04	   8.6620271e-01	  -4.9720731e-05	
   1.9647554e+04	   8.5608792e-01	  -4.6329298e-05	
   1.9671957e+04	   8.4681672e-01	  -4.2701379e-05	
   1.9696361e+04	   8.3841061e-01	  -3.8857854e-05	
   1.9720764e+04	   8.3088720e-01	  -3.4820016e-05	
   1.9746637e+04	   8.2389069e-01	  -3.0351001e-05	
   1.9772510e+04	   8.1791656e-01	  -2.5714302e-05	
   1.9798383e+04	   8.1297601e-01	  -2.0936560e-05	
   1.9824256e+04	   8.0907739e-01	  -1.6044579e-05	
   1.9852214e+04	   8.0604270e-01	  -1.0661040e-05	
   1.9880172e+04	   8.0423726e-01	  -5.2100043e-06	
   1.9908130e+04	   8.0366426e-01	   2.7404346e-07	
   1.9936088e+04	   8.0432447e-01	   5.7567154e-06	
   1.9967479e+04	   8.0653346e-01	   1.1868380e-05	
   1.9998870e+04	   8.1029074e-01	   1.7886146e-05	
   2.0030261e+04	   8.1558770e-01	   2.3761408e-05	
   2.0061651e+04	   8.2241092e-01	   2.9446213e-05	
   2.0102772e+04	   8.3362601e-01	   3.6526284e-05	
   2.0143893e+04	   8.4737173e-01	   4.3092334e-05	
   2.0185014e+04	   8.6356672e-01	   4.9041361e-05	
   2.0226135e+04	   8.8209865e-01	   5.4275791e-05	
   2.0253923e+04	   8.9587330e-01	   5.7361488e-05	
   2.0281711e+04	   9.1059374e-01	   6.0050987e-05	
   2.0309499e+04	   9.2619387e-01	   6.2318835e-05	
   2.0337287e+04	   9.4259680e-01	   6.4141808e-05	
   2.0365076e+04	   9.5971439e-01	   6.5498966e-05	
   2.0392864e+04	   9.7744548e-01	   6.6371578e-05	
   2.0420652e+04	   9.9567603e-01	   6.6744096e-05	
   2.0448440e+04	   1.0142791e+00	   6.6604566e-05	
   2.0473376e+04	   1.0311756e+00	   6.6036511e-05	
   2.0498313e+04	   1.0481492e+00	   6.5045907e-05	
   2.0523249e+04	   1.0650821e+00	   6.3632263e-05	
   2.0548185e+04	   1.0818500e+00	   6.1798222e-05	
   2.0571670e+04	   1.0973742e+00	   5.9691665e-05	
   2.0595155e+04	   1.1125226e+00	   5.7224759e-05	
   2.0618640e+04	   1.1271796e+00	   5.4407675e-05	
   2.0642125e+04	   1.1412288e+00	   5.1253351e-05	
   2.0664896e+04	   1.1541605e+00	   4.7887571e-05	
   2.0687668e+04	   1.1663056e+00	   4.4236172e-05	
   2.0710439e+04	   1.1775621e+00	   4.0318234e-05	
   2.0733211e+04	   1.1878332e+00	   3.6155085e-05	
   2.0755905e+04	   1.1969986e+00	   3.1785398e-05	
   2.0778600e+04	   1.2050114e+00	   2.7220781e-05	
   2.0801294e+04	   1.2117977e+00	   2.2488258e-05	
   2.0823989e+04	   1.2172941e+00	   1.7616330e-05	
   2.0847418e+04	   1.2215600e+00	   1.2472018e-05	
   2.0870847e+04	   1.2243514e+00	   7.2451502e-06	
   2.0894277e+04	   1.2256393e+00	   1.9706659e-06	
   2.0917706e+04	   1.2254107e+00	  -3.3161572e-06	
   2.0943423e+04	   1.2234174e+00	  -9.0912462e-06	
   2.0969139e+04	   1.2196254e+00	  -1.4791613e-05	
   2.0994856e+04	   1.2140818e+00	  -2.0371496e-05	
   2.1020573e+04	   1.2068547e+00	  -2.5786915e-05	
   2.1048640e+04	   1.1971494e+00	  -3.1460239e-05	
   2.1076707e+04	   1.1856819e+00	  -3.6835821e-05	
   2.1104775e+04	   1.1726099e+00	  -4.1866231e-05	
   2.1132842e+04	   1.1581075e+00	  -4.6509142e-05	
   2.1160909e+04	   1.1423623e+00	  -5.0727248e-05	
   2.1188976e+04	   1.1255704e+00	  -5.4488139e-05	
   2.1217043e+04	   1.1079309e+00	  -5.7765085e-05	
   2.1245111e+04	   1.0896420e+00	  -6.0537250e-05	
   2.1268775e+04	   1.0738621e+00	  -6.2470929e-05	
   2.1292439e+04	   1.0578740e+00	  -6.4028477e-05	
   2.1316103e+04	   1.0417873e+00	  -6.5206236e-05	
   2.1339768e+04	   1.0257059e+00	  -6.6003131e-05	
   2.1362455e+04	   1.0103842e+00	  -6.6410756e-05	
   2.1385142e+04	   9.9523881e-01	  -6.6472639e-05	
   2.1407830e+04	   9.8034522e-01	  -6.6193632e-05	
   2.1430517e+04	   9.6577276e-01	  -6.5580234e-05	
   2.1453241e+04	   9.5156239e-01	  -6.4638721e-05	
   2.1475965e+04	   9.3779606e-01	  -6.3379281e-05	
   2.1498688e+04	   9.2452636e-01	  -6.1812611e-05	
   2.1521412e+04	   9.1180011e-01	  -5.9950516e-05	
   2.1544756e+04	   8.9933632e-01	  -5.7743525e-05	
   2.1568099e+04	   8.8752983e-01	  -5.5253261e-05	
   2.1591442e+04	   8.7641567e-01	  -5.2495497e-05	
   2.1614785e+04	   8.6602395e-01	  -4.9486723e-05	
   2.1639207e+04	   8.5595331e-01	  -4.6088925e-05	
   2.1663629e+04	   8.4672695e-01	  -4.2455551e-05	
   2.1688051e+04	   8.3836627e-01	  -3.8607512e-05	
   2.1712473e+04	   8.3088881e-01	  -3.4566130e-05	
   2.1738368e+04	   8.2394075e-01	  -3.0093899e-05	
   2.1764263e+04	   8.1801578e-01	  -2.5455101e-05	
   2.1790159e+04	   8.1312504e-01	  -2.0676419e-05	
   2.1816054e+04	   8.0927682e-01	  -1.5784696e-05	
   2.1844043e+04	   8.0629664e-01	  -1.0401506e-05	
   2.1872033e+04	   8.0454687e-01	  -4.9522878e-06	
   2.1900022e+04	   8.0403066e-01	   5.2840566e-07	
   2.1928011e+04	   8.0474865e-01	   6.0061183e-06	
   2.1959458e+04	   8.0702566e-01	   1.2114325e-05	
   2.1990905e+04	   8.1085400e-01	   1.8126278e-05	
   2.2022352e+04	   8.1622478e-01	   2.3993191e-05	
   2.2053800e+04	   8.2312422e-01	   2.9666946e-05	
   2.2095197e+04	   8.3450399e-01	   3.6761756e-05	
   2.2136594e+04	   8.4844109e-01	   4.3331701e-05	
   2.2177991e+04	   8.6485102e-01	   4.9272030e-05	
   2.2219388e+04	   8.8361714e-01	   5.4483651e-05	
   2.2247093e+04	   8.9741916e-01	   5.7517641e-05	
   2.2274798e+04	   9.1215353e-01	   6.0156045e-05	
   2.2302503e+04	   9.2775378e-01	   6.2373867e-05	
   2.2330208e+04	   9.4414278e-01	   6.4148334e-05	
   2.2357914e+04	   9.6123219e-01	   6.5458960e-05	
   2.2385619e+04	   9.7892084e-01	   6.6287470e-05	
   2.2413324e+04	   9.9709479e-01	   6.6618756e-05	
   2.2441029e+04	   1.0156275e+00	   6.6441284e-05	
   2.2465931e+04	   1.0324766e+00	   6.5841008e-05	
   2.2490833e+04	   1.0493929e+00	   6.4820071e-05	
   2.2515734e+04	   1.0662585e+00	   6.3378231e-05	
   2.2540636e+04	   1.0829495e+00	   6.1518371e-05	
   2.2564108e+04	   1.0984052e+00	   5.9388008e-05	
   2.2587579e+04	   1.1134768e+00	   5.6899211e-05	
   2.2611050e+04	   1.1280491e+00	   5.4062333e-05	
   2.2634522e+04	   1.1420059e+00	   5.0890489e-05	
   2.2657294e+04	   1.1548492e+00	   4.7507906e-05	
   2.2680066e+04	   1.1668990e+00	   4.3841789e-05	
   2.2702839e+04	   1.1780540e+00	   3.9911367e-05	
   2.2725611e+04	   1.1882183e+00	   3.5738099e-05	
   2.2748321e+04	   1.1972781e+00	   3.1357825e-05	
   2.2771031e+04	   1.2051802e+00	   2.6784944e-05	
   2.2793742e+04	   1.2118513e+00	   2.2046606e-05	
   2.2816452e+04	   1.2172292e+00	   1.7171422e-05	
   2.2839919e+04	   1.2213734e+00	   1.2021714e-05	
   2.2863387e+04	   1.2240391e+00	   6.7922202e-06	
   2.2886854e+04	   1.2251986e+00	   1.5180189e-06	
   2.2910321e+04	   1.2248400e+00	  -3.7655060e-06	
   2.2936130e+04	   1.2226980e+00	  -9.5445088e-06	
   2.2961938e+04	   1.2187522e+00	  -1.5244615e-05	
   2.2987746e+04	   1.2130517e+00	  -2.0819791e-05	
   2.3013555e+04	   1.2056669e+00	  -2.6225853e-05	
   2.3041557e+04	   1.1958543e+00	  -3.1851328e-05	
   2.3069560e+04	   1.1843039e+00	  -3.7177086e-05	
   2.3097563e+04	   1.1711733e+00	  -4.2156489e-05	
   2.3125566e+04	   1.1566361e+00	  -4.6747975e-05	
   2.3153569e+04	   1.1408786e+00	  -5.0914971e-05	
   2.3181571e+04	   1.1240956e+00	  -5.4625760e-05	
   2.3209574e+04	   1.1064843e+00	  -5.7854243e-05	
   2.3237577e+04	   1.0882408e+00	  -6.0580139e-05	
   2.3261219e+04	   1.0724898e+00	  -6.2479156e-05	
   2.3284860e+04	   1.0565395e+00	  -6.4003196e-05	
   2.3308502e+04	   1.0404987e+00	  -6.5148804e-05	
   2.3332143e+04	   1.0244702e+00	  -6.5915083e-05	
   2.3354835e+04	   1.0091872e+00	  -6.6295181e-05	
   2.3377527e+04	   9.9408583e-01	  -6.6330407e-05	
   2.3400219e+04	   9.7924101e-01	  -6.6025728e-05	
   2.3422911e+04	   9.6472151e-01	  -6.5387747e-05	
   2.3445648e+04	   9.5056248e-01	  -6.4422355e-05	
   2.3468386e+04	   9.3685109e-01	  -6.3140057e-05	
   2.3491123e+04	   9.2363952e-01	  -6.1551633e-05	
   2.3513860e+04	   9.1097422e-01	  -5.9668965e-05	
   2.3537228e+04	   8.9857000e-01	  -5.7441039e-05	
   2.3560596e+04	   8.8682596e-01	  -5.4930967e-05	
   2.3583964e+04	   8.7577684e-01	  -5.2154603e-05	
   2.3607332e+04	   8.6545252e-01	  -4.9128512e-05	
   2.3631784e+04	   8.5545278e-01	  -4.5713363e-05	
   2.3656237e+04	   8.4629974e-01	  -4.2064107e-05	
   2.3680689e+04	   8.3801459e-01	  -3.8201737e-05	
   2.3705141e+04	   8.3061470e-01	  -3.4147657e-05	
   2.3731076e+04	   8.2374921e-01	  -2.9662584e-05	
   2.3757011e+04	   8.1790932e-01	  -2.5012867e-05	
   2.3782946e+04	   8.1310601e-01	  -2.0225291e-05	
   2.3808881e+04	   8.0934748e-01	  -1.5326798e-05	
   2.3836926e+04	   8.0646550e-01	  -9.9361314e-06	
   2.3864972e+04	   8.0481747e-01	  -4.4821071e-06	
   2.3893017e+04	   8.0440638e-01	   1.0005534e-06	
   2.3921063e+04	   8.0523271e-01	   6.4772333e-06	
   2.3952614e+04	   8.0763912e-01	   1.2588352e-05	
   2.3984165e+04	   8.1160433e-01	   1.8598695e-05	
   2.4015717e+04	   8.1711897e-01	   2.4459085e-05	
   2.4047268e+04	   8.2416863e-01	   3.0121037e-05	
   2.4089200e+04	   8.3587802e-01	   3.7257097e-05	
   2.4131132e+04	   8.5020076e-01	   4.3846468e-05	
   2.4173065e+04	   8.6704623e-01	   4.9780788e-05	
   2.4214997e+04	   8.8628936e-01	   5.4957822e-05	
   2.4242549e+04	   9.0016234e-01	   5.7900401e-05	
   2.4270101e+04	   9.1494447e-01	   6.0447943e-05	
   2.4297654e+04	   9.3056863e-01	   6.2576241e-05	
   2.4325206e+04	   9.4695713e-01	   6.4263309e-05	
   2.4352758e+04	   9.6402124e-01	   6.5489448e-05	
   2.4380311e+04	   9.8165959e-01	   6.6237176e-05	
   2.4407863e+04	   9.9975834e-01	   6.6492160e-05	
   2.4435415e+04	   1.0181914e+00	   6.6243604e-05	
   2.4460250e+04	   1.0349781e+00	   6.5582021e-05	
   2.4485084e+04	   1.0518136e+00	   6.4502697e-05	
   2.4509918e+04	   1.0685804e+00	   6.3005845e-05	
   2.4534753e+04	   1.0851547e+00	   6.1094783e-05	
   2.4558193e+04	   1.1005059e+00	   5.8916712e-05	
   2.4581634e+04	   1.1154573e+00	   5.6383309e-05	
   2.4605075e+04	   1.1298941e+00	   5.3505281e-05	
   2.4628516e+04	   1.1437009e+00	   5.0296072e-05	
   2.4651283e+04	   1.1563988e+00	   4.6877348e-05	
   2.4674049e+04	   1.1682897e+00	   4.3178625e-05	
   2.4696816e+04	   1.1792733e+00	   3.9219425e-05	
   2.4719583e+04	   1.1892548e+00	   3.5021472e-05	
   2.4742315e+04	   1.1981324e+00	   3.0615514e-05	
   2.4765047e+04	   1.2058411e+00	   2.6021038e-05	
   2.4787779e+04	   1.2123093e+00	   2.1265456e-05	
   2.4810511e+04	   1.2174763e+00	   1.6377605e-05	
   2.4834041e+04	   1.2214017e+00	   1.1210919e-05	
   2.4857571e+04	   1.2238392e+00	   5.9694982e-06	
   2.4881101e+04	   1.2247634e+00	   6.8870991e-07	
   2.4904631e+04	   1.2241648e+00	  -4.5958306e-06	
   2.4930603e+04	   1.2217443e+00	  -1.0390415e-05	
   2.4956575e+04	   1.2175076e+00	  -1.6098196e-05	
   2.4982548e+04	   1.2115081e+00	  -2.1672580e-05	
   2.5008520e+04	   1.2038207e+00	  -2.7068953e-05	
   2.5036438e+04	   1.1937836e+00	  -3.2622605e-05	
   2.5064356e+04	   1.1820460e+00	  -3.7871702e-05	
   2.5092274e+04	   1.1687663e+00	  -4.2770805e-05	
   2.5120192e+04	   1.1541180e+00	  -4.7279537e-05	
   2.5148110e+04	   1.1382866e+00	  -5.1362480e-05	
   2.5176028e+04	   1.1214652e+00	  -5.4989039e-05	
   2.5203946e+04	   1.1038488e+00	  -5.8134161e-05	
   2.5231864e+04	   1.0856312e+00	  -6.0778514e-05	
   2.5255455e+04	   1.0699096e+00	  -6.2612204e-05	
   2.5279046e+04	   1.0540065e+00	  -6.4072628e-05	
   2.5302637e+04	   1.0380288e+00	  -6.5156739e-05	
   2.5326228e+04	   1.0220776e+00	  -6.5863996e-05	
   2.5348920e+04	   1.0068479e+00	  -6.6190393e-05	
   2.5371613e+04	   9.9181081e-01	  -6.6173248e-05	
   2.5394305e+04	   9.7704021e-01	  -6.5817766e-05	
   2.5416997e+04	   9.6260392e-01	  -6.5130764e-05	
   2.5439754e+04	   9.4852493e-01	  -6.4117274e-05	
   2.5462510e+04	   9.3490144e-01	  -6.2788525e-05	
   2.5485266e+04	   9.2178486e-01	  -6.1155478e-05	
   2.5508023e+04	   9.0922090e-01	  -5.9230175e-05	
   2.5531433e+04	   8.9691516e-01	  -5.6958330e-05	
   2.5554843e+04	   8.8527618e-01	  -5.4406216e-05	
   2.5578253e+04	   8.7433815e-01	  -5.1589861e-05	
   2.5601663e+04	   8.6413040e-01	  -4.8525995e-05	
   2.5626170e+04	   8.5425401e-01	  -4.5072335e-05	
   2.5650677e+04	   8.4523006e-01	  -4.1387140e-05	
   2.5675184e+04	   8.3707934e-01	  -3.7491587e-05	
   2.5699691e+04	   8.2981883e-01	  -3.3407251e-05	
   2.5725699e+04	   8.2310269e-01	  -2.8890865e-05	
   2.5751706e+04	   8.1741817e-01	  -2.4213337e-05	
   2.5777713e+04	   8.1277595e-01	  -1.9401681e-05	
   2.5803721e+04	   8.0918395e-01	  -1.4483058e-05	
   2.5831873e+04	   8.0648583e-01	  -9.0699539e-06	
   2.5860025e+04	   8.0502987e-01	  -3.5985445e-06	
   2.5888176e+04	   8.0481873e-01	   1.8960886e-06	
   2.5916328e+04	   8.0585256e-01	   7.3789820e-06	
   2.5948080e+04	   8.0850973e-01	   1.3505314e-05	
   2.5979832e+04	   8.1274211e-01	   1.9522003e-05	
   2.6011584e+04	   8.1853940e-01	   2.5379048e-05	
   2.6043336e+04	   8.2588600e-01	   3.1027188e-05	
   2.6086398e+04	   8.3828516e-01	   3.8267267e-05	
   2.6129460e+04	   8.5342265e-01	   4.4913438e-05	
   2.6172522e+04	   8.7119452e-01	   5.0849240e-05	
   2.6215585e+04	   8.9145699e-01	   5.5965396e-05	
   2.6242846e+04	   9.0548941e-01	   5.8733721e-05	
   2.6270107e+04	   9.2038780e-01	   6.1107427e-05	
   2.6297369e+04	   9.3608365e-01	   6.3063761e-05	
   2.6324630e+04	   9.5249811e-01	   6.4582197e-05	
   2.6351891e+04	   9.6954155e-01	   6.5644495e-05	
   2.6379152e+04	   9.8711208e-01	   6.6234647e-05	
   2.6406414e+04	   1.0050958e+00	   6.6339764e-05	
   2.6433675e+04	   1.0233673e+00	   6.5950434e-05	
   2.6458375e+04	   1.0400558e+00	   6.5165741e-05	
   2.6483074e+04	   1.0567571e+00	   6.3968446e-05	
   2.6507774e+04	   1.0733538e+00	   6.2359649e-05	
   2.6532474e+04	   1.0897229e+00	   6.0343528e-05	
   2.6555849e+04	   1.1048882e+00	   5.8066901e-05	
   2.6579224e+04	   1.1196220e+00	   5.5440659e-05	
   2.6602599e+04	   1.1338103e+00	   5.2476211e-05	
   2.6625974e+04	   1.1473390e+00	   4.9187669e-05	
   2.6648724e+04	   1.1597649e+00	   4.5691775e-05	
   2.6671474e+04	   1.1713559e+00	   4.1922601e-05	
   2.6694224e+04	   1.1820136e+00	   3.7900270e-05	
   2.6716974e+04	   1.1916454e+00	   3.3647052e-05	
   2.6739743e+04	   1.2001717e+00	   2.9183479e-05	
   2.6762512e+04	   1.2075052e+00	   2.4539359e-05	
   2.6785281e+04	   1.2135775e+00	   1.9742659e-05	
   2.6808050e+04	   1.2183311e+00	   1.4822695e-05	
   2.6831700e+04	   1.2218237e+00	   9.6144759e-06	
   2.6855350e+04	   1.2238077e+00	   4.3416346e-06	
   2.6879001e+04	   1.2242619e+00	  -9.5984063e-07	
   2.6902651e+04	   1.2231818e+00	  -6.2538272e-06	
   2.6928961e+04	   1.2201923e+00	  -1.2090336e-05	
   2.6955270e+04	   1.2153581e+00	  -1.7823546e-05	
   2.6981580e+04	   1.2087412e+00	  -2.3405613e-05	
   2.7007889e+04	   1.2004259e+00	  -2.8790958e-05	
   2.7036031e+04	   1.1897701e+00	  -3.4284772e-05	
   2.7064173e+04	   1.1774405e+00	  -3.9454539e-05	
   2.7092314e+04	   1.1636045e+00	  -4.4255330e-05	
   2.7120456e+04	   1.1484435e+00	  -4.8647560e-05	
   2.7148598e+04	   1.1321497e+00	  -5.2596856e-05	
   2.7176740e+04	   1.1149218e+00	  -5.6073884e-05	
   2.7204881e+04	   1.0969592e+00	  -5.9055023e-05	
   2.7233023e+04	   1.0784587e+00	  -6.1522523e-05	
   2.7256496e+04	   1.0627552e+00	  -6.3178780e-05	
   2.7279969e+04	   1.0469193e+00	  -6.4464652e-05	
   2.7303442e+04	   1.0310538e+00	  -6.5378214e-05	
   2.7326915e+04	   1.0152557e+00	  -6.5919932e-05	
   2.7349596e+04	   1.0001399e+00	  -6.6092666e-05	
   2.7372278e+04	   9.8524899e-01	  -6.5924983e-05	
   2.7394959e+04	   9.7065419e-01	  -6.5422791e-05	
   2.7417641e+04	   9.5642049e-01	  -6.4593539e-05	
   2.7440440e+04	   9.4253642e-01	  -6.3439340e-05	
   2.7463239e+04	   9.2913177e-01	  -6.1974010e-05	
   2.7486039e+04	   9.1625576e-01	  -6.0209051e-05	
   2.7508838e+04	   9.0395198e-01	  -5.8156999e-05	
   2.7532360e+04	   8.9189873e-01	  -5.5753339e-05	
   2.7555882e+04	   8.8053289e-01	  -5.3074262e-05	
   2.7579404e+04	   8.6988702e-01	  -5.0136338e-05	
   2.7602925e+04	   8.5998896e-01	  -4.6956808e-05	
   2.7627582e+04	   8.5044196e-01	  -4.3384033e-05	
   2.7652238e+04	   8.4176596e-01	  -3.9586668e-05	
   2.7676894e+04	   8.3398048e-01	  -3.5586462e-05	
   2.7701551e+04	   8.2710140e-01	  -3.1405531e-05	
   2.7727762e+04	   8.2079658e-01	  -2.6787862e-05	
   2.7753974e+04	   8.1554307e-01	  -2.2018829e-05	
   2.7780186e+04	   8.1135065e-01	  -1.7126165e-05	
   2.7806397e+04	   8.0822640e-01	  -1.2137726e-05	
   2.7834855e+04	   8.0604932e-01	  -6.6458982e-06	
   2.7863313e+04	   8.0514119e-01	  -1.1103455e-06	
   2.7891772e+04	   8.0550375e-01	   4.4327159e-06	
   2.7920230e+04	   8.0713610e-01	   9.9472264e-06	
   2.7952583e+04	   8.1052995e-01	   1.6136314e-05	
   2.7984937e+04	   8.1555276e-01	   2.2188961e-05	
   2.8017291e+04	   8.2219138e-01	   2.8052513e-05	
   2.8049644e+04	   8.3042645e-01	   3.3675209e-05	
   2.8085711e+04	   8.4145617e-01	   3.9597026e-05	
   2.8121777e+04	   8.5439060e-01	   4.5086156e-05	
   2.8157843e+04	   8.6916619e-01	   5.0074729e-05	
   2.8193910e+04	   8.8570010e-01	   5.4498285e-05	
   2.8221485e+04	   8.9946416e-01	   5.7461122e-05	
   2.8249061e+04	   9.1413954e-01	   6.0031562e-05	
   2.8276636e+04	   9.2965976e-01	   6.2185308e-05	
   2.8304212e+04	   9.4594785e-01	   6.3900271e-05	
   2.8331788e+04	   9.6291592e-01	   6.5156623e-05	
   2.8359363e+04	   9.8046346e-01	   6.5936738e-05	
   2.8386939e+04	   9.9847760e-01	   6.6226111e-05	
   2.8414514e+04	   1.0168332e+00	   6.6013754e-05	
   2.8439389e+04	   1.0335699e+00	   6.5385537e-05	
   2.8464263e+04	   1.0503628e+00	   6.4340062e-05	
   2.8489137e+04	   1.0670949e+00	   6.2877349e-05	
   2.8514011e+04	   1.0836429e+00	   6.1000521e-05	
   2.8537484e+04	   1.0989738e+00	   5.8855214e-05	
   2.8560957e+04	   1.1139132e+00	   5.6354468e-05	
   2.8584430e+04	   1.1283465e+00	   5.3508808e-05	
   2.8607902e+04	   1.1421587e+00	   5.0331491e-05	
   2.8630693e+04	   1.1548664e+00	   4.6944207e-05	
   2.8653484e+04	   1.1667760e+00	   4.3276301e-05	
   2.8676275e+04	   1.1777874e+00	   3.9347112e-05	
   2.8699066e+04	   1.1878054e+00	   3.5178183e-05	
   2.8721813e+04	   1.1967248e+00	   3.0801894e-05	
   2.8744559e+04	   1.2044844e+00	   2.6235908e-05	
   2.8767306e+04	   1.2110125e+00	   2.1507452e-05	
   2.8790052e+04	   1.2162478e+00	   1.6645180e-05	
   2.8813582e+04	   1.2202501e+00	   1.1506658e-05	
   2.8837111e+04	   1.2227743e+00	   6.2914786e-06	
   2.8860640e+04	   1.2237938e+00	   1.0347880e-06	
   2.8884170e+04	   1.2232986e+00	  -4.2279951e-06	
   2.8910100e+04	   1.2210049e+00	  -9.9924717e-06	
   2.8936031e+04	   1.2169075e+00	  -1.5673740e-05	
   2.8961962e+04	   1.2110575e+00	  -2.1225575e-05	
   2.8987893e+04	   1.2035276e+00	  -2.6603670e-05	
   2.9015870e+04	   1.1936264e+00	  -3.2162790e-05	
   2.9043847e+04	   1.1820164e+00	  -3.7420397e-05	
   2.9071824e+04	   1.1688549e+00	  -4.2330711e-05	
   2.9099801e+04	   1.1543148e+00	  -4.6852997e-05	
   2.9127778e+04	   1.1385809e+00	  -5.0951474e-05	
   2.9155755e+04	   1.1218462e+00	  -5.4595178e-05	
   2.9183732e+04	   1.1043057e+00	  -5.7758699e-05	
   2.9211709e+04	   1.0861535e+00	  -6.0422371e-05	
   2.9235346e+04	   1.0704815e+00	  -6.2272636e-05	
   2.9258984e+04	   1.0546213e+00	  -6.3749990e-05	
   2.9282621e+04	   1.0386801e+00	  -6.4851224e-05	
   2.9306258e+04	   1.0227594e+00	  -6.5575650e-05	
   2.9328973e+04	   1.0075690e+00	  -6.5918312e-05	
   2.9351687e+04	   9.9256607e-01	  -6.5917933e-05	
   2.9374402e+04	   9.7782479e-01	  -6.5579608e-05	
   2.9397116e+04	   9.6341319e-01	  -6.4910056e-05	
   2.9419885e+04	   9.4936039e-01	  -6.3914745e-05	
   2.9442654e+04	   9.3575861e-01	  -6.2604547e-05	
   2.9465423e+04	   9.2265948e-01	  -6.0990327e-05	
   2.9488192e+04	   9.1010896e-01	  -5.9084042e-05	
   2.9511605e+04	   8.9781827e-01	  -5.6832908e-05	
   2.9535018e+04	   8.8619003e-01	  -5.4301773e-05	
   2.9558430e+04	   8.7525864e-01	  -5.1506567e-05	
   2.9581843e+04	   8.6505364e-01	  -4.8463931e-05	
   2.9606347e+04	   8.5517843e-01	  -4.5033325e-05	
   2.9630852e+04	   8.4615146e-01	  -4.1371189e-05	
   2.9655356e+04	   8.3799370e-01	  -3.7498595e-05	
   2.9679860e+04	   8.3072235e-01	  -3.3437020e-05	
   2.9705858e+04	   8.2399221e-01	  -2.8945558e-05	
   2.9731856e+04	   8.1828929e-01	  -2.4292588e-05	
   2.9757854e+04	   8.1362443e-01	  -1.9505004e-05	
   2.9783852e+04	   8.1000570e-01	  -1.4609849e-05	
   2.9811986e+04	   8.0727479e-01	  -9.2229519e-06	
   2.9840119e+04	   8.0578077e-01	  -3.7767905e-06	
   2.9868253e+04	   8.0552641e-01	   1.6937242e-06	
   2.9896386e+04	   8.0651192e-01	   7.1537956e-06	
   2.9928098e+04	   8.0910657e-01	   1.3252563e-05	
   2.9959811e+04	   8.1326827e-01	   1.9243936e-05	
   2.9991523e+04	   8.1898681e-01	   2.5078237e-05	
   3.0023235e+04	   8.2624672e-01	   3.0706519e-05	
   3.0066061e+04	   8.3845815e-01	   3.7895341e-05	
   3.0108888e+04	   8.5337154e-01	   4.4502350e-05	
   3.0151714e+04	   8.7088544e-01	   5.0413248e-05	
   3.0194540e+04	   8.9085987e-01	   5.5520696e-05	
   3.0221863e+04	   9.0480763e-01	   5.8312739e-05	
   3.0249185e+04	   9.1962591e-01	   6.0711525e-05	
   3.0276508e+04	   9.3524651e-01	   6.2694124e-05	
   3.0303830e+04	   9.5159091e-01	   6.4239825e-05	
   3.0331153e+04	   9.6856986e-01	   6.5330201e-05	
   3.0358476e+04	   9.8608179e-01	   6.5949053e-05	
   3.0385798e+04	   1.0040132e+00	   6.6083292e-05	
   3.0413121e+04	   1.0222388e+00	   6.5723314e-05	
   3.0437858e+04	   1.0388795e+00	   6.4965959e-05	
   3.0462595e+04	   1.0555388e+00	   6.3796491e-05	
   3.0487332e+04	   1.0720998e+00	   6.2215861e-05	
   3.0512069e+04	   1.0884397e+00	   6.0228093e-05	
   3.0535472e+04	   1.1035794e+00	   5.7979069e-05	
   3.0558875e+04	   1.1182943e+00	   5.5380530e-05	
   3.0582279e+04	   1.1324706e+00	   5.2443738e-05	
   3.0605682e+04	   1.1459948e+00	   4.9182653e-05	
   3.0628454e+04	   1.1584206e+00	   4.5713971e-05	
   3.0651226e+04	   1.1700190e+00	   4.1971656e-05	
   3.0673999e+04	   1.1806918e+00	   3.7975680e-05	
   3.0696771e+04	   1.1903462e+00	   3.3748161e-05	
   3.0719555e+04	   1.1989002e+00	   2.9310912e-05	
   3.0742339e+04	   1.2062695e+00	   2.4692273e-05	
   3.0765123e+04	   1.2123852e+00	   1.9920048e-05	
   3.0787907e+04	   1.2171898e+00	   1.5023400e-05	
   3.0811560e+04	   1.2207414e+00	   9.8408157e-06	
   3.0835214e+04	   1.2227928e+00	   4.5921035e-06	
   3.0858867e+04	   1.2233225e+00	  -6.8694030e-07	
   3.0882520e+04	   1.2223251e+00	  -5.9603662e-06	
   3.0908798e+04	   1.2194399e+00	  -1.1768683e-05	
   3.0935076e+04	   1.2147213e+00	  -1.7476721e-05	
   3.0961354e+04	   1.2082295e+00	  -2.3036967e-05	
   3.0987632e+04	   1.2000469e+00	  -2.8404119e-05	
   3.1015683e+04	   1.1895621e+00	  -3.3872062e-05	
   3.1043735e+04	   1.1774137e+00	  -3.9021948e-05	
   3.1071786e+04	   1.1637657e+00	  -4.3809233e-05	
   3.1099838e+04	   1.1487959e+00	  -4.8194594e-05	
   3.1127889e+04	   1.1326931e+00	  -5.2143808e-05	
   3.1155941e+04	   1.1156527e+00	  -5.5627583e-05	
   3.1183992e+04	   1.0978710e+00	  -5.8622234e-05	
   3.1212044e+04	   1.0795421e+00	  -6.1109844e-05	
   3.1235560e+04	   1.0638936e+00	  -6.2795319e-05	
   3.1259077e+04	   1.0481024e+00	  -6.4110895e-05	
   3.1282593e+04	   1.0322721e+00	  -6.5054408e-05	
   3.1306109e+04	   1.0165000e+00	  -6.5626107e-05	
   3.1328813e+04	   1.0014146e+00	  -6.5827626e-05	
   3.1351516e+04	   9.8654643e-01	  -6.5688999e-05	
   3.1374220e+04	   9.7196715e-01	  -6.5215969e-05	
   3.1396923e+04	   9.5774222e-01	  -6.4415836e-05	
   3.1419731e+04	   9.4386861e-01	  -6.3291470e-05	
   3.1442540e+04	   9.3046802e-01	  -6.1856017e-05	
   3.1465348e+04	   9.1759006e-01	  -6.0120841e-05	
   3.1488156e+04	   9.0527874e-01	  -5.8098350e-05	
   3.1511671e+04	   8.9322003e-01	  -5.5726496e-05	
   3.1535187e+04	   8.8184270e-01	  -5.3079100e-05	
   3.1558702e+04	   8.7117965e-01	  -5.0172589e-05	
   3.1582218e+04	   8.6125906e-01	  -4.7024070e-05	
   3.1606859e+04	   8.5168620e-01	  -4.3484490e-05	
   3.1631500e+04	   8.4297855e-01	  -3.9719747e-05	
   3.1656141e+04	   8.3515594e-01	  -3.5751439e-05	
   3.1680782e+04	   8.2823452e-01	  -3.1601538e-05	
   3.1706968e+04	   8.2188152e-01	  -2.7017548e-05	
   3.1733153e+04	   8.1657369e-01	  -2.2281003e-05	
   3.1759338e+04	   8.1232105e-01	  -1.7419450e-05	
   3.1785523e+04	   8.0913087e-01	  -1.2460564e-05	
   3.1813937e+04	   8.0687687e-01	  -7.0019481e-06	
   3.1842351e+04	   8.0588409e-01	  -1.4973788e-06	
   3.1870764e+04	   8.0615443e-01	   4.0172027e-06	
   3.1899178e+04	   8.0768716e-01	   9.5060045e-06	
   3.1931437e+04	   8.1095349e-01	   1.5661376e-05	
   3.1963697e+04	   8.1583535e-01	   2.1685036e-05	
   3.1995957e+04	   8.2231993e-01	   2.7524914e-05	
   3.2028217e+04	   8.3038839e-01	   3.3129809e-05	
   3.2064285e+04	   8.4125343e-01	   3.9056377e-05	
   3.2100354e+04	   8.5402057e-01	   4.4556221e-05	
   3.2136423e+04	   8.6862721e-01	   4.9561543e-05	
   3.2172492e+04	   8.8499167e-01	   5.4007915e-05	
   3.2200138e+04	   8.9866192e-01	   5.6999253e-05	
   3.2227784e+04	   9.1324925e-01	   5.9599701e-05	
   3.2255430e+04	   9.2868755e-01	   6.1784738e-05	
   3.2283077e+04	   9.4490025e-01	   6.3532041e-05	
   3.2310723e+04	   9.6179984e-01	   6.4821548e-05	
   3.2338369e+04	   9.7928623e-01	   6.5635389e-05	
   3.2366015e+04	   9.9724691e-01	   6.5958814e-05	
   3.2393662e+04	   1.0155571e+00	   6.5780590e-05	
   3.2418579e+04	   1.0322459e+00	   6.5183701e-05	
   3.2443496e+04	   1.0489980e+00	   6.4169937e-05	
   3.2468413e+04	   1.0656965e+00	   6.2739143e-05	
   3.2493330e+04	   1.0822187e+00	   6.0894258e-05	
   3.2516834e+04	   1.0975265e+00	   5.8779861e-05	
   3.2540338e+04	   1.1124506e+00	   5.6310003e-05	
   3.2563842e+04	   1.1268766e+00	   5.3495037e-05	
   3.2587346e+04	   1.1406897e+00	   5.0348048e-05	
   3.2610161e+04	   1.1534026e+00	   4.6990713e-05	
   3.2632976e+04	   1.1653260e+00	   4.3352247e-05	
   3.2655790e+04	   1.1763594e+00	   3.9451816e-05	
   3.2678605e+04	   1.1864079e+00	   3.5310797e-05	
   3.2701367e+04	   1.1953628e+00	   3.0963003e-05	
   3.2724129e+04	   1.2031667e+00	   2.6424477e-05	
   3.2746890e+04	   1.2097476e+00	   2.1722264e-05	
   3.2769652e+04	   1.2150439e+00	   1.6884850e-05	
   3.2793183e+04	   1.2191152e+00	   1.1773565e-05	
   3.2816713e+04	   1.2217176e+00	   6.5838838e-06	
   3.2840244e+04	   1.2228240e+00	   1.3507438e-06	
   3.2863774e+04	   1.2224231e+00	  -3.8906229e-06	
   3.2889670e+04	   1.2202455e+00	  -9.6260571e-06	
   3.2915565e+04	   1.2162757e+00	  -1.5281558e-05	
   3.2941461e+04	   1.2105632e+00	  -2.0811242e-05	
   3.2967356e+04	   1.2031788e+00	  -2.6171090e-05	
   3.2995401e+04	   1.1934003e+00	  -3.1735725e-05	
   3.3023447e+04	   1.1819046e+00	  -3.7001439e-05	
   3.3051492e+04	   1.1688482e+00	  -4.1922088e-05	
   3.3079537e+04	   1.1544033e+00	  -4.6456574e-05	
   3.3107582e+04	   1.1387546e+00	  -5.0568750e-05	
   3.3135627e+04	   1.1220949e+00	  -5.4227292e-05	
   3.3163673e+04	   1.1046198e+00	  -5.7406443e-05	
   3.3191718e+04	   1.0865234e+00	  -6.0086225e-05	
   3.3215400e+04	   1.0709004e+00	  -6.1949335e-05	
   3.3239082e+04	   1.0550834e+00	  -6.3439922e-05	
   3.3262764e+04	   1.0391799e+00	  -6.4554638e-05	
   3.3286446e+04	   1.0232921e+00	  -6.5292672e-05	
   3.3309182e+04	   1.0081427e+00	  -6.5648253e-05	
   3.3331918e+04	   9.9317648e-01	  -6.5661349e-05	
   3.3354654e+04	   9.7846768e-01	  -6.5336963e-05	
   3.3377390e+04	   9.6408455e-01	  -6.4681724e-05	
   3.3400172e+04	   9.5006156e-01	  -6.3701477e-05	
   3.3422954e+04	   9.3648565e-01	  -6.2406792e-05	
   3.3445737e+04	   9.2340863e-01	  -6.0808452e-05	
   3.3468519e+04	   9.1087665e-01	  -5.8918338e-05	
   3.3491937e+04	   8.9860594e-01	  -5.6684938e-05	
   3.3515355e+04	   8.8699383e-01	  -5.4171899e-05	
   3.3538773e+04	   8.7607491e-01	  -5.1395065e-05	
   3.3562191e+04	   8.6587891e-01	  -4.8370997e-05	
   3.3586695e+04	   8.5601153e-01	  -4.4960687e-05	
   3.3611200e+04	   8.4698861e-01	  -4.1318990e-05	
   3.3635704e+04	   8.3883131e-01	  -3.7466887e-05	
   3.3660208e+04	   8.3155698e-01	  -3.3425769e-05	
   3.3686201e+04	   8.2482135e-01	  -2.8956799e-05	
   3.3712195e+04	   8.1910899e-01	  -2.4326158e-05	
   3.3738188e+04	   8.1443089e-01	  -1.9560631e-05	
   3.3764181e+04	   8.1079522e-01	  -1.4687162e-05	
   3.3792302e+04	   8.0804248e-01	  -9.3244738e-06	
   3.3820424e+04	   8.0652195e-01	  -3.9018663e-06	
   3.3848545e+04	   8.0623649e-01	   1.5458953e-06	
   3.3876666e+04	   8.0718638e-01	   6.9841571e-06	
   3.3908351e+04	   8.0973407e-01	   1.3057031e-05	
   3.3940036e+04	   8.1384179e-01	   1.9024203e-05	
   3.3971721e+04	   8.1949941e-01	   2.4836261e-05	
   3.4003406e+04	   8.2669152e-01	   3.0444517e-05	
   3.4046072e+04	   8.3876160e-01	   3.7590274e-05	
   3.4088737e+04	   8.5350622e-01	   4.4163033e-05	
   3.4131403e+04	   8.7082555e-01	   5.0050074e-05	
   3.4174068e+04	   8.9058205e-01	   5.5145491e-05	
   3.4201434e+04	   9.0445671e-01	   5.7950624e-05	
   3.4228801e+04	   9.1920387e-01	   6.0363845e-05	
   3.4256167e+04	   9.3475557e-01	   6.2362127e-05	
   3.4283533e+04	   9.5103357e-01	   6.3924663e-05	
   3.4310900e+04	   9.6794887e-01	   6.5032925e-05	
   3.4338266e+04	   9.8540023e-01	   6.5670607e-05	
   3.4365632e+04	   1.0032745e+00	   6.5824510e-05	
   3.4392999e+04	   1.0214466e+00	   6.5484919e-05	
   3.4417764e+04	   1.0380351e+00	   6.4746961e-05	
   3.4442530e+04	   1.0546459e+00	   6.3597658e-05	
   3.4467296e+04	   1.0711623e+00	   6.2037868e-05	
   3.4492062e+04	   1.0874620e+00	   6.0071517e-05	
   3.4515489e+04	   1.1025658e+00	   5.7843553e-05	
   3.4538916e+04	   1.1172495e+00	   5.5266504e-05	
   3.4562343e+04	   1.1313998e+00	   5.2351531e-05	
   3.4585770e+04	   1.1449031e+00	   4.9112486e-05	
   3.4608563e+04	   1.1573128e+00	   4.5665723e-05	
   3.4631356e+04	   1.1689009e+00	   4.1945380e-05	
   3.4654149e+04	   1.1795692e+00	   3.7971314e-05	
   3.4676942e+04	   1.1892251e+00	   3.3765529e-05	
   3.4699743e+04	   1.1977852e+00	   2.9350470e-05	
   3.4722544e+04	   1.2051670e+00	   2.4753670e-05	
   3.4745345e+04	   1.2113017e+00	   2.0002810e-05	
   3.4768146e+04	   1.2161315e+00	   1.5126929e-05	
   3.4791810e+04	   1.2197147e+00	   9.9667785e-06	
   3.4815473e+04	   1.2218049e+00	   4.7396364e-06	
   3.4839137e+04	   1.2223800e+00	  -5.1884925e-07	
   3.4862801e+04	   1.2214344e+00	  -5.7728669e-06	
   3.4889068e+04	   1.2186165e+00	  -1.1556438e-05	
   3.4915336e+04	   1.2139742e+00	  -1.7241658e-05	
   3.4941604e+04	   1.2075668e+00	  -2.2781258e-05	
   3.4967872e+04	   1.1994754e+00	  -2.8130147e-05	
   3.4995903e+04	   1.1890978e+00	  -3.3579513e-05	
   3.5023933e+04	   1.1770623e+00	  -3.8714146e-05	
   3.5051964e+04	   1.1635308e+00	  -4.3489669e-05	
   3.5079995e+04	   1.1486793e+00	  -4.7866862e-05	
   3.5108025e+04	   1.1326949e+00	  -5.1811552e-05	
   3.5136056e+04	   1.1157711e+00	  -5.5294445e-05	
   3.5164087e+04	   1.0981028e+00	  -5.8291803e-05	
   3.5192118e+04	   1.0798827e+00	  -6.0785614e-05	
   3.5215668e+04	   1.0642866e+00	  -6.2482187e-05	
   3.5239218e+04	   1.0485428e+00	  -6.3809498e-05	
   3.5262769e+04	   1.0327548e+00	  -6.4765263e-05	
   3.5286319e+04	   1.0170204e+00	  -6.5349616e-05	
   3.5309043e+04	   1.0019753e+00	  -6.5563615e-05	
   3.5331767e+04	   9.8714327e-01	  -6.5438028e-05	
   3.5354491e+04	   9.7259610e-01	  -6.4978513e-05	
   3.5377215e+04	   9.5839944e-01	  -6.4192286e-05	
   3.5400036e+04	   9.4455510e-01	  -6.3082628e-05	
   3.5422857e+04	   9.3117998e-01	  -6.1662330e-05	
   3.5445678e+04	   9.1832387e-01	  -5.9942678e-05	
   3.5468499e+04	   9.0603096e-01	  -5.7936008e-05	
   3.5492020e+04	   8.9399197e-01	  -5.5581585e-05	
   3.5515540e+04	   8.8263062e-01	  -5.2951978e-05	
   3.5539061e+04	   8.7197999e-01	  -5.0063536e-05	
   3.5562581e+04	   8.6206843e-01	  -4.6933285e-05	
   3.5587223e+04	   8.5250339e-01	  -4.3413703e-05	
   3.5611864e+04	   8.4379986e-01	  -3.9669103e-05	
   3.5636506e+04	   8.3597785e-01	  -3.5720990e-05	
   3.5661147e+04	   8.2905367e-01	  -3.1591255e-05	
   3.5687328e+04	   8.2269532e-01	  -2.7029474e-05	
   3.5713508e+04	   8.1737826e-01	  -2.2314973e-05	
   3.5739689e+04	   8.1311262e-01	  -1.7475196e-05	
   3.5765870e+04	   8.0990579e-01	  -1.2537714e-05	
   3.5794271e+04	   8.0763009e-01	  -7.1030589e-06	
   3.5822673e+04	   8.0661093e-01	  -1.6217862e-06	
   3.5851075e+04	   8.0685028e-01	   3.8703103e-06	
   3.5879477e+04	   8.0834747e-01	   9.3375837e-06	
   3.5911709e+04	   8.1156616e-01	   1.5467127e-05	
   3.5943941e+04	   8.1639315e-01	   2.1466726e-05	
   3.5976173e+04	   8.2281568e-01	   2.7284587e-05	
   3.6008405e+04	   8.3081496e-01	   3.2869784e-05	
   3.6044472e+04	   8.4160385e-01	   3.8782041e-05	
   3.6080539e+04	   8.5428930e-01	   4.4270443e-05	
   3.6116606e+04	   8.6880886e-01	   4.9267393e-05	
   3.6152673e+04	   8.8508112e-01	   5.3708655e-05	
   3.6180343e+04	   8.9869037e-01	   5.6700962e-05	
   3.6208013e+04	   9.1321581e-01	   5.9303743e-05	
   3.6235683e+04	   9.2859145e-01	   6.1492474e-05	
   3.6263354e+04	   9.4474089e-01	   6.3244833e-05	
   3.6291024e+04	   9.6157683e-01	   6.4540756e-05	
   3.6318694e+04	   9.7899943e-01	   6.5362364e-05	
   3.6346364e+04	   9.9689649e-01	   6.5694894e-05	
   3.6374035e+04	   1.0151436e+00	   6.5527094e-05	
   3.6398971e+04	   1.0317749e+00	   6.4940775e-05	
   3.6423908e+04	   1.0484705e+00	   6.3938676e-05	
   3.6448845e+04	   1.0651141e+00	   6.2520609e-05	
   3.6473781e+04	   1.0815831e+00	   6.0689476e-05	
   3.6497304e+04	   1.0968433e+00	   5.8588907e-05	
   3.6520827e+04	   1.1117221e+00	   5.6133686e-05	
   3.6544350e+04	   1.1261056e+00	   5.3334113e-05	
   3.6567873e+04	   1.1398793e+00	   5.0203215e-05	
   3.6590706e+04	   1.1525579e+00	   4.6861982e-05	
   3.6613540e+04	   1.1644505e+00	   4.3240126e-05	
   3.6636374e+04	   1.1754571e+00	   3.9356744e-05	
   3.6659207e+04	   1.1854830e+00	   3.5233138e-05	
   3.6681988e+04	   1.1944197e+00	   3.0903003e-05	
   3.6704769e+04	   1.2022100e+00	   2.6382339e-05	
   3.6727550e+04	   1.2087821e+00	   2.1698105e-05	
   3.6750330e+04	   1.2140744e+00	   1.6878704e-05	
   3.6773879e+04	   1.2181466e+00	   1.1786334e-05	
   3.6797428e+04	   1.2207553e+00	   6.6154226e-06	
   3.6820976e+04	   1.2218734e+00	   1.4008051e-06	
   3.6844525e+04	   1.2214896e+00	  -3.8223849e-06	
   3.6870434e+04	   1.2193374e+00	  -9.5369559e-06	
   3.6896343e+04	   1.2153998e+00	  -1.5172299e-05	
   3.6922252e+04	   1.2097257e+00	  -2.0682677e-05	
   3.6948161e+04	   1.2023855e+00	  -2.6024202e-05	
   3.6976241e+04	   1.1926532e+00	  -3.1574055e-05	
   3.7004320e+04	   1.1812066e+00	  -3.6825959e-05	
   3.7032400e+04	   1.1682017e+00	  -4.1733787e-05	
   3.7060480e+04	   1.1538100e+00	  -4.6256449e-05	
   3.7088560e+04	   1.1382160e+00	  -5.0357798e-05	
   3.7116639e+04	   1.1216119e+00	  -5.4006503e-05	
   3.7144719e+04	   1.1041928e+00	  -5.7176796e-05	
   3.7172799e+04	   1.0861526e+00	  -5.9848682e-05	
   3.7196505e+04	   1.0705797e+00	  -6.1705559e-05	
   3.7220212e+04	   1.0548126e+00	  -6.3190709e-05	
   3.7243919e+04	   1.0389587e+00	  -6.4300772e-05	
   3.7267626e+04	   1.0231197e+00	  -6.5034923e-05	
   3.7290381e+04	   1.0080199e+00	  -6.5387450e-05	
   3.7313136e+04	   9.9310236e-01	  -6.5398324e-05	
   3.7335891e+04	   9.7844126e-01	  -6.5072532e-05	
   3.7358646e+04	   9.6410474e-01	  -6.4416686e-05	
   3.7381445e+04	   9.5012866e-01	  -6.3436725e-05	
   3.7404244e+04	   9.3659835e-01	  -6.2143150e-05	
   3.7427043e+04	   9.2356557e-01	  -6.0546723e-05	
   3.7449842e+04	   9.1107644e-01	  -5.8659300e-05	
   3.7473275e+04	   8.9884906e-01	  -5.6429605e-05	
   3.7496709e+04	   8.8727872e-01	  -5.3921078e-05	
   3.7520143e+04	   8.7639999e-01	  -5.1149542e-05	
   3.7543576e+04	   8.6624265e-01	  -4.8131530e-05	
   3.7568096e+04	   8.5641472e-01	  -4.4728572e-05	
   3.7592615e+04	   8.4742952e-01	  -4.1095032e-05	
   3.7617134e+04	   8.3930824e-01	  -3.7251864e-05	
   3.7641653e+04	   8.3206828e-01	  -3.3220430e-05	
   3.7667661e+04	   8.2536748e-01	  -2.8762618e-05	
   3.7693669e+04	   8.1968814e-01	  -2.4143922e-05	
   3.7719678e+04	   8.1504130e-01	  -1.9391099e-05	
   3.7745686e+04	   8.1143515e-01	  -1.4531060e-05	
   3.7773826e+04	   8.0871229e-01	  -9.1833652e-06	
   3.7801965e+04	   8.0721978e-01	  -3.7765265e-06	
   3.7830104e+04	   8.0696047e-01	   1.6547207e-06	
   3.7858244e+04	   8.0793461e-01	   7.0757532e-06	
   3.7889959e+04	   8.1050828e-01	   1.3130284e-05	
   3.7921674e+04	   8.1464032e-01	   1.9078215e-05	
   3.7953390e+04	   8.2032035e-01	   2.4870142e-05	
   3.7985105e+04	   8.2753271e-01	   3.0457395e-05	
   3.8027943e+04	   8.3966768e-01	   3.7594773e-05	
   3.8070782e+04	   8.5448791e-01	   4.4153806e-05	
   3.8113620e+04	   8.7189123e-01	   5.0020894e-05	
   3.8156459e+04	   8.9173698e-01	   5.5089428e-05	
   3.8183786e+04	   9.0559114e-01	   5.7859215e-05	
   3.8211113e+04	   9.2030800e-01	   6.0238349e-05	
   3.8238440e+04	   9.3581942e-01	   6.2204109e-05	
   3.8265766e+04	   9.5204707e-01	   6.3735991e-05	
   3.8293093e+04	   9.6890196e-01	   6.4815765e-05	
   3.8320420e+04	   9.8628297e-01	   6.5427427e-05	
   3.8347747e+04	   1.0040772e+00	   6.5558066e-05	
   3.8375074e+04	   1.0221601e+00	   6.5198236e-05	
   3.8399829e+04	   1.0386768e+00	   6.4443827e-05	
   3.8424584e+04	   1.0552092e+00	   6.3280115e-05	
   3.8449338e+04	   1.0716411e+00	   6.1708117e-05	
   3.8474093e+04	   1.0878506e+00	   5.9731902e-05	
   3.8497523e+04	   1.1028729e+00	   5.7495496e-05	
   3.8520953e+04	   1.1174706e+00	   5.4911925e-05	
   3.8544383e+04	   1.1315308e+00	   5.1992449e-05	
   3.8567813e+04	   1.1449408e+00	   4.8751008e-05	
   3.8590620e+04	   1.1572627e+00	   4.5302313e-05	
   3.8613427e+04	   1.1687604e+00	   4.1581907e-05	
   3.8636233e+04	   1.1793363e+00	   3.7609710e-05	
   3.8659040e+04	   1.1888985e+00	   3.3407778e-05	
   3.8681866e+04	   1.1973685e+00	   2.8996307e-05	
   3.8704693e+04	   1.2046593e+00	   2.4404964e-05	
   3.8727519e+04	   1.2107029e+00	   1.9661470e-05	
   3.8750345e+04	   1.2154422e+00	   1.4794891e-05	
   3.8774052e+04	   1.2189350e+00	   9.6428783e-06	
   3.8797758e+04	   1.2209353e+00	   4.4258926e-06	
   3.8821464e+04	   1.2214220e+00	  -8.2037696e-07	
   3.8845170e+04	   1.2203902e+00	  -6.0600990e-06	
   3.8871524e+04	   1.2174749e+00	  -1.1833859e-05	
   3.8897878e+04	   1.2127350e+00	  -1.7506372e-05	
   3.8924233e+04	   1.2062315e+00	  -2.3030232e-05	
   3.8950587e+04	   1.1980469e+00	  -2.8360256e-05	
   3.8978733e+04	   1.1875653e+00	  -3.3790406e-05	
   3.9006879e+04	   1.1754300e+00	  -3.8901654e-05	
   3.9035025e+04	   1.1618051e+00	  -4.3649585e-05	
   3.9063172e+04	   1.1468684e+00	  -4.7995025e-05	
   3.9091318e+04	   1.1308086e+00	  -5.1903918e-05	
   3.9119464e+04	   1.1138211e+00	  -5.5347152e-05	
   3.9147611e+04	   1.0961019e+00	  -5.8301235e-05	
   3.9175757e+04	   1.0778448e+00	  -6.0748456e-05	
   3.9199303e+04	   1.0622965e+00	  -6.2397263e-05	
   3.9222849e+04	   1.0466118e+00	  -6.3678139e-05	
   3.9246395e+04	   1.0308933e+00	  -6.4589058e-05	
   3.9269940e+04	   1.0152376e+00	  -6.5130385e-05	
   3.9292678e+04	   1.0002641e+00	  -6.5304783e-05	
   3.9315416e+04	   9.8551064e-01	  -6.5141096e-05	
   3.9338154e+04	   9.7104828e-01	  -6.4645134e-05	
   3.9360892e+04	   9.5694189e-01	  -6.3824252e-05	
   3.9383739e+04	   9.4318636e-01	  -6.2681078e-05	
   3.9406585e+04	   9.2990466e-01	  -6.1229002e-05	
   3.9429432e+04	   9.1714600e-01	  -5.9479423e-05	
   3.9452278e+04	   9.0495406e-01	  -5.7444775e-05	
   3.9475840e+04	   8.9301483e-01	  -5.5062032e-05	
   3.9499401e+04	   8.8175686e-01	  -5.2406018e-05	
   3.9522963e+04	   8.7121286e-01	  -4.9493190e-05	
   3.9546525e+04	   8.6141083e-01	  -4.6340678e-05	
   3.9571216e+04	   8.5196084e-01	  -4.2799154e-05	
   3.9595908e+04	   8.4337536e-01	  -3.9035035e-05	
   3.9620599e+04	   8.3567415e-01	  -3.5069941e-05	
   3.9645290e+04	   8.2887326e-01	  -3.0925872e-05	
   3.9671535e+04	   8.2264601e-01	  -2.6349908e-05	
   3.9697780e+04	   8.1746331e-01	  -2.1624336e-05	
   3.9724025e+04	   8.1333510e-01	  -1.6776746e-05	
   3.9750270e+04	   8.1026858e-01	  -1.1834859e-05	
   3.9778765e+04	   8.0814692e-01	  -6.3949012e-06	
   3.9807260e+04	   8.0728683e-01	  -9.1263517e-07	
   3.9835755e+04	   8.0769003e-01	   4.5758874e-06	
   3.9864250e+04	   8.0935551e-01	   1.0034772e-05	
   3.9896666e+04	   8.1278032e-01	   1.6163310e-05	
   3.9929082e+04	   8.1782575e-01	   2.2154275e-05	
   3.9961498e+04	   8.2447805e-01	   2.7955192e-05	
   3.9993914e+04	   8.3271714e-01	   3.3514503e-05	
   4.0029951e+04	   8.4370605e-01	   3.9349605e-05	
   4.0065988e+04	   8.5657485e-01	   4.4754292e-05	
   4.0102024e+04	   8.7125889e-01	   4.9661667e-05	
   4.0138061e+04	   8.8767431e-01	   5.4008271e-05	
   4.0165607e+04	   9.0132506e-01	   5.6915012e-05	
   4.0193152e+04	   9.1587002e-01	   5.9433145e-05	
   4.0220697e+04	   9.3124261e-01	   6.1538875e-05	
   4.0248243e+04	   9.4736589e-01	   6.3210606e-05	
   4.0275788e+04	   9.6415221e-01	   6.4429002e-05	
   4.0303333e+04	   9.8150158e-01	   6.5176920e-05	
   4.0330879e+04	   9.9930191e-01	   6.5440313e-05	
   4.0358424e+04	   1.0174292e+00	   6.5208619e-05	
   4.0383306e+04	   1.0339720e+00	   6.4567788e-05	
   4.0408188e+04	   1.0505618e+00	   6.3514513e-05	
   4.0433070e+04	   1.0670826e+00	   6.2049030e-05	
   4.0457952e+04	   1.0834125e+00	   6.0174650e-05	
   4.0481454e+04	   1.0985470e+00	   5.8034350e-05	
   4.0504957e+04	   1.1132861e+00	   5.5542824e-05	
   4.0528460e+04	   1.1275163e+00	   5.2710689e-05	
   4.0551962e+04	   1.1411242e+00	   4.9551265e-05	
   4.0574801e+04	   1.1536438e+00	   4.6182728e-05	
   4.0597639e+04	   1.1653660e+00	   4.2537277e-05	
   4.0620477e+04	   1.1761919e+00	   3.8634260e-05	
   4.0643316e+04	   1.1860282e+00	   3.4495200e-05	
   4.0666128e+04	   1.1947779e+00	   3.0148787e-05	
   4.0688940e+04	   1.2023727e+00	   2.5615948e-05	
   4.0711752e+04	   1.2087422e+00	   2.0923859e-05	
   4.0734564e+04	   1.2138267e+00	   1.6101101e-05	
   4.0758184e+04	   1.2176856e+00	   1.1001651e-05	
   4.0781804e+04	   1.2200746e+00	   5.8285388e-06	
   4.0805425e+04	   1.2209689e+00	   6.1683187e-07	
   4.0829045e+04	   1.2203593e+00	  -4.5981588e-06	
   4.0855124e+04	   1.2179477e+00	  -1.0317377e-05	
   4.0881203e+04	   1.2137420e+00	  -1.5949959e-05	
   4.0907282e+04	   1.2077952e+00	  -2.1449691e-05	
   4.0933361e+04	   1.2001814e+00	  -2.6772331e-05	
   4.0961377e+04	   1.1902522e+00	  -3.2244991e-05	
   4.0989393e+04	   1.1786462e+00	  -3.7415391e-05	
   4.1017409e+04	   1.1655201e+00	  -4.2238572e-05	
   4.1045425e+04	   1.1510450e+00	  -4.6674594e-05	
   4.1073441e+04	   1.1354043e+00	  -5.0688436e-05	
   4.1101457e+04	   1.1187887e+00	  -5.4249853e-05	
   4.1129473e+04	   1.1013908e+00	  -5.7334090e-05	
   4.1157490e+04	   1.0834019e+00	  -5.9922074e-05	
   4.1181158e+04	   1.0678832e+00	  -6.1711481e-05	
   4.1204827e+04	   1.0521876e+00	  -6.3131247e-05	
   4.1228496e+04	   1.0364206e+00	  -6.4178406e-05	
   4.1252165e+04	   1.0206823e+00	  -6.4852480e-05	
   4.1274930e+04	   1.0056601e+00	  -6.5150540e-05	
   4.1297695e+04	   9.9083056e-01	  -6.5108687e-05	
   4.1320460e+04	   9.7626681e-01	  -6.4732135e-05	
   4.1343225e+04	   9.6203596e-01	  -6.4027701e-05	
   4.1366051e+04	   9.4816259e-01	  -6.3000506e-05	
   4.1388877e+04	   9.3474212e-01	  -6.1661748e-05	
   4.1411704e+04	   9.2182554e-01	  -6.0022357e-05	
   4.1434530e+04	   9.0945819e-01	  -5.8094339e-05	
   4.1458014e+04	   8.9735016e-01	  -5.5823291e-05	
   4.1481497e+04	   8.8590490e-01	  -5.3275690e-05	
   4.1504981e+04	   8.7515648e-01	  -5.0467519e-05	
   4.1528465e+04	   8.6513413e-01	  -4.7415464e-05	
   4.1553046e+04	   8.5544828e-01	  -4.3978395e-05	
   4.1577627e+04	   8.4661003e-01	  -4.0313715e-05	
   4.1602208e+04	   8.3864017e-01	  -3.6442545e-05	
   4.1626789e+04	   8.3155574e-01	  -3.2386406e-05	
   4.1652878e+04	   8.2502066e-01	  -2.7903576e-05	
   4.1678967e+04	   8.1951215e-01	  -2.3263754e-05	
   4.1705056e+04	   8.1504097e-01	  -1.8493911e-05	
   4.1731145e+04	   8.1161504e-01	  -1.3621162e-05	
   4.1759401e+04	   8.0909001e-01	  -8.2591843e-06	
   4.1787657e+04	   8.0780265e-01	  -2.8435125e-06	
   4.1815913e+04	   8.0775545e-01	   2.5907712e-06	
   4.1844170e+04	   8.0894827e-01	   8.0087107e-06	
   4.1876106e+04	   8.1178595e-01	   1.4068984e-05	
   4.1908043e+04	   8.1619785e-01	   2.0013223e-05	
   4.1939980e+04	   8.2217249e-01	   2.5791184e-05	
   4.1971917e+04	   8.2969277e-01	   3.1353416e-05	
   4.2016155e+04	   8.4261747e-01	   3.8611529e-05	
   4.2060392e+04	   8.5837969e-01	   4.5233979e-05	
   4.2104630e+04	   8.7685956e-01	   5.1097001e-05	
   4.2148867e+04	   8.9789166e-01	   5.6085258e-05	
   4.2175880e+04	   9.1190017e-01	   5.8654700e-05	
   4.2202892e+04	   9.2672165e-01	   6.0834490e-05	
   4.2229904e+04	   9.4228641e-01	   6.2603536e-05	
   4.2256917e+04	   9.5851482e-01	   6.3942968e-05	
   4.2283929e+04	   9.7531692e-01	   6.4836191e-05	
   4.2310942e+04	   9.9259104e-01	   6.5268852e-05	
   4.2337954e+04	   1.0102243e+00	   6.5229656e-05	
   4.2364967e+04	   1.0280930e+00	   6.4710706e-05	
   4.2389577e+04	   1.0444642e+00	   6.3816407e-05	
   4.2414187e+04	   1.0608094e+00	   6.2519296e-05	
   4.2438797e+04	   1.0770126e+00	   6.0821412e-05	
   4.2463408e+04	   1.0929528e+00	   5.8727803e-05	
   4.2486772e+04	   1.1077283e+00	   5.6381322e-05	
   4.2510136e+04	   1.1220428e+00	   5.3694853e-05	
   4.2533500e+04	   1.1357846e+00	   5.0680462e-05	
   4.2556864e+04	   1.1488428e+00	   4.7352847e-05	
   4.2579663e+04	   1.1608211e+00	   4.3820219e-05	
   4.2602462e+04	   1.1719438e+00	   4.0024170e-05	
   4.2625261e+04	   1.1821158e+00	   3.5985303e-05	
   4.2648060e+04	   1.1912481e+00	   3.1726289e-05	
   4.2670945e+04	   1.1992865e+00	   2.7254641e-05	
   4.2693830e+04	   1.2061198e+00	   2.2612842e-05	
   4.2716715e+04	   1.2116833e+00	   1.7829241e-05	
   4.2739600e+04	   1.2159244e+00	   1.2933441e-05	
   4.2763470e+04	   1.2188948e+00	   7.7405162e-06	
   4.2787340e+04	   1.2203501e+00	   2.4949217e-06	
   4.2811211e+04	   1.2202748e+00	  -2.7669308e-06	
   4.2835081e+04	   1.2186699e+00	  -8.0086309e-06	
   4.2861889e+04	   1.2150659e+00	  -1.3826705e-05	
   4.2888698e+04	   1.2096033e+00	  -1.9522835e-05	
   4.2915507e+04	   1.2023541e+00	  -2.5048023e-05	
   4.2942316e+04	   1.1934128e+00	  -3.0355866e-05	
   4.2970447e+04	   1.1823367e+00	  -3.5644128e-05	
   4.2998578e+04	   1.1696770e+00	  -4.0597923e-05	
   4.3026709e+04	   1.1556021e+00	  -4.5174895e-05	
   4.3054840e+04	   1.1402930e+00	  -4.9338022e-05	
   4.3082971e+04	   1.1239395e+00	  -5.3055462e-05	
   4.3111102e+04	   1.1067366e+00	  -5.6300349e-05	
   4.3139233e+04	   1.0888788e+00	  -5.9051393e-05	
   4.3167364e+04	   1.0705570e+00	  -6.1293001e-05	
   4.3190797e+04	   1.0550751e+00	  -6.2763776e-05	
   4.3214229e+04	   1.0395036e+00	  -6.3870509e-05	
   4.3237662e+04	   1.0239408e+00	  -6.4612229e-05	
   4.3261095e+04	   1.0084790e+00	  -6.4990242e-05	
   4.3283837e+04	   9.9365144e-01	  -6.5012569e-05	
   4.3306579e+04	   9.7907466e-01	  -6.4700428e-05	
   4.3329321e+04	   9.6481683e-01	  -6.4060294e-05	
   4.3352063e+04	   9.5094015e-01	  -6.3100127e-05	
   4.3374965e+04	   9.3740862e-01	  -6.1819287e-05	
   4.3397867e+04	   9.2437341e-01	  -6.0234196e-05	
   4.3420768e+04	   9.1188158e-01	  -5.8356771e-05	
   4.3443670e+04	   8.9997476e-01	  -5.6199918e-05	
   4.3467354e+04	   8.8831517e-01	  -5.3690124e-05	
   4.3491038e+04	   8.7735629e-01	  -5.0912493e-05	
   4.3514723e+04	   8.6712930e-01	  -4.7884013e-05	
   4.3538407e+04	   8.5766073e-01	  -4.4622308e-05	
   4.3563260e+04	   8.4856504e-01	  -4.0968843e-05	
   4.3588113e+04	   8.4035145e-01	  -3.7100356e-05	
   4.3612966e+04	   8.3303852e-01	  -3.3039033e-05	
   4.3637819e+04	   8.2664127e-01	  -2.8807411e-05	
   4.3664283e+04	   8.2084919e-01	  -2.4139792e-05	
   4.3690748e+04	   8.1612079e-01	  -1.9333084e-05	
   4.3717213e+04	   8.1246515e-01	  -1.4415609e-05	
   4.3743678e+04	   8.0988865e-01	  -9.4157850e-06	
   4.3772508e+04	   8.0831470e-01	  -3.9087799e-06	
   4.3801338e+04	   8.0802956e-01	   1.6248427e-06	
   4.3830168e+04	   8.0903385e-01	   7.1478326e-06	
   4.3858999e+04	   8.1132536e-01	   1.2623143e-05	
   4.3892114e+04	   8.1553930e-01	   1.8805688e-05	
   4.3925229e+04	   8.2143376e-01	   2.4820549e-05	
   4.3958344e+04	   8.2899120e-01	   3.0612182e-05	
   4.3991460e+04	   8.3818661e-01	   3.6126164e-05	
   4.4029786e+04	   8.5082982e-01	   4.2091363e-05	
   4.4068113e+04	   8.6555587e-01	   4.7531370e-05	
   4.4106439e+04	   8.8227457e-01	   5.2367643e-05	
   4.4144766e+04	   9.0086866e-01	   5.6526685e-05	
   4.4171730e+04	   9.1499676e-01	   5.9009643e-05	
   4.4198695e+04	   9.2991986e-01	   6.1100655e-05	
   4.4225660e+04	   9.4556673e-01	   6.2779172e-05	
   4.4252624e+04	   9.6185615e-01	   6.4026906e-05	
   4.4279589e+04	   9.7869661e-01	   6.4827877e-05	
   4.4306553e+04	   9.9598493e-01	   6.5168394e-05	
   4.4333518e+04	   1.0136068e+00	   6.5037852e-05	
   4.4360483e+04	   1.0314374e+00	   6.4429073e-05	
   4.4385025e+04	   1.0477332e+00	   6.3456060e-05	
   4.4409567e+04	   1.0639796e+00	   6.2083492e-05	
   4.4434109e+04	   1.0800606e+00	   6.0313979e-05	
   4.4458651e+04	   1.0958555e+00	   5.8153122e-05	
   4.4481979e+04	   1.1104903e+00	   5.5744132e-05	
   4.4505307e+04	   1.1246433e+00	   5.2999203e-05	
   4.4528635e+04	   1.1382038e+00	   4.9930858e-05	
   4.4551963e+04	   1.1510615e+00	   4.6554225e-05	
   4.4574759e+04	   1.1628431e+00	   4.2973733e-05	
   4.4597555e+04	   1.1737512e+00	   3.9134549e-05	
   4.4620351e+04	   1.1836921e+00	   3.5057666e-05	
   4.4643147e+04	   1.1925784e+00	   3.0766106e-05	
   4.4666068e+04	   1.2003692e+00	   2.6259887e-05	
   4.4688988e+04	   1.2069398e+00	   2.1589107e-05	
   4.4711908e+04	   1.2122280e+00	   1.6782480e-05	
   4.4734829e+04	   1.2161832e+00	   1.1869916e-05	
   4.4758797e+04	   1.2188521e+00	   6.6529746e-06	
   4.4782766e+04	   1.2199927e+00	   1.3905391e-06	
   4.4806735e+04	   1.2195927e+00	  -3.8805486e-06	
   4.4830703e+04	   1.2176566e+00	  -9.1235343e-06	
   4.4857796e+04	   1.2136459e+00	  -1.4970301e-05	
   4.4884889e+04	   1.2077548e+00	  -2.0682500e-05	
   4.4911981e+04	   1.2000624e+00	  -2.6210114e-05	
   4.4939074e+04	   1.1906707e+00	  -3.1505959e-05	
   4.4965943e+04	   1.1797987e+00	  -3.6485542e-05	
   4.4992812e+04	   1.1675116e+00	  -4.1153480e-05	
   4.5019680e+04	   1.1539580e+00	  -4.5473611e-05	
   4.5046549e+04	   1.1392958e+00	  -4.9414216e-05	
   4.5073418e+04	   1.1236906e+00	  -5.2947899e-05	
   4.5100287e+04	   1.1073117e+00	  -5.6051417e-05	
   4.5127156e+04	   1.0903282e+00	  -5.8706155e-05	
   4.5154024e+04	   1.0729063e+00	  -6.0898214e-05	
   4.5177430e+04	   1.0574992e+00	  -6.2423192e-05	
   4.5200836e+04	   1.0419861e+00	  -6.3586104e-05	
   4.5224241e+04	   1.0264653e+00	  -6.4385598e-05	
   4.5247647e+04	   1.0110298e+00	  -6.4822604e-05	
   4.5270402e+04	   9.9618743e-01	  -6.4902850e-05	
   4.5293158e+04	   9.8158295e-01	  -6.4647944e-05	
   4.5315913e+04	   9.6728552e-01	  -6.4064082e-05	
   4.5338669e+04	   9.5335833e-01	  -6.3158969e-05	
   4.5361563e+04	   9.3977817e-01	  -6.1933376e-05	
   4.5384457e+04	   9.2668428e-01	  -6.0402401e-05	
   4.5407351e+04	   9.1412454e-01	  -5.8577737e-05	
   4.5430245e+04	   9.0214135e-01	  -5.6472083e-05	
   4.5453894e+04	   8.9040792e-01	  -5.4016406e-05	
   4.5477543e+04	   8.7936610e-01	  -5.1291436e-05	
   4.5501192e+04	   8.6904767e-01	  -4.8313925e-05	
   4.5524841e+04	   8.5947977e-01	  -4.5101278e-05	
   4.5549643e+04	   8.5027701e-01	  -4.1499149e-05	
   4.5574444e+04	   8.4194781e-01	  -3.7679679e-05	
   4.5599246e+04	   8.3451126e-01	  -3.3664802e-05	
   4.5624047e+04	   8.2798281e-01	  -2.9476814e-05	
   4.5650438e+04	   8.2204719e-01	  -2.4855820e-05	
   4.5676828e+04	   8.1716599e-01	  -2.0092216e-05	
   4.5703219e+04	   8.1334866e-01	  -1.5214003e-05	
   4.5729609e+04	   8.1060192e-01	  -1.0249291e-05	
   4.5758321e+04	   8.0883464e-01	  -4.7825186e-06	
   4.5787034e+04	   8.0834353e-01	   7.1649754e-07	
   4.5815746e+04	   8.0912961e-01	   6.2110185e-06	
   4.5844458e+04	   8.1119110e-01	   1.1664492e-05	
   4.5877319e+04	   8.1510968e-01	   1.7808696e-05	
   4.5910179e+04	   8.2068275e-01	   2.3796649e-05	
   4.5943040e+04	   8.2789412e-01	   2.9574070e-05	
   4.5975901e+04	   8.3672052e-01	   3.5087729e-05	
   4.6012520e+04	   8.4842114e-01	   4.0857607e-05	
   4.6049139e+04	   8.6203372e-01	   4.6163423e-05	
   4.6085759e+04	   8.7748415e-01	   5.0936171e-05	
   4.6122378e+04	   8.9467676e-01	   5.5110794e-05	
   4.6149602e+04	   9.0851787e-01	   5.7790243e-05	
   4.6176826e+04	   9.2319771e-01	   6.0081195e-05	
   4.6204050e+04	   9.3864757e-01	   6.1961673e-05	
   4.6231274e+04	   9.5478866e-01	   6.3411924e-05	
   4.6258498e+04	   9.7153180e-01	   6.4414467e-05	
   4.6285722e+04	   9.8877586e-01	   6.4954049e-05	
   4.6312946e+04	   1.0064083e+00	   6.5018493e-05	
   4.6340170e+04	   1.0243053e+00	   6.4599050e-05	
   4.6364886e+04	   1.0406697e+00	   6.3794664e-05	
   4.6389602e+04	   1.0570319e+00	   6.2585610e-05	
   4.6414318e+04	   1.0732763e+00	   6.0973339e-05	
   4.6439034e+04	   1.0892821e+00	   5.8962324e-05	
   4.6462461e+04	   1.1041189e+00	   5.6694844e-05	
   4.6485887e+04	   1.1185177e+00	   5.4084752e-05	
   4.6509314e+04	   1.1323668e+00	   5.1143609e-05	
   4.6532741e+04	   1.1455547e+00	   4.7885621e-05	
   4.6555573e+04	   1.1576658e+00	   4.4421558e-05	
   4.6578404e+04	   1.1689435e+00	   4.0690411e-05	
   4.6601236e+04	   1.1792916e+00	   3.6712314e-05	
   4.6624067e+04	   1.1886201e+00	   3.2509503e-05	
   4.6646950e+04	   1.1968625e+00	   2.8096230e-05	
   4.6669832e+04	   1.2039205e+00	   2.3507916e-05	
   4.6692714e+04	   1.2097278e+00	   1.8772452e-05	
   4.6715596e+04	   1.2142296e+00	   1.3919026e-05	
   4.6739405e+04	   1.2174814e+00	   8.7763545e-06	
   4.6763215e+04	   1.2192386e+00	   3.5741958e-06	
   4.6787024e+04	   1.2194823e+00	  -1.6515801e-06	
   4.6810833e+04	   1.2182103e+00	  -6.8650231e-06	
   4.6837415e+04	   1.2150168e+00	  -1.2626933e-05	
   4.6863996e+04	   1.2099939e+00	  -1.8279252e-05	
   4.6890577e+04	   1.2032065e+00	  -2.3774086e-05	
   4.6917159e+04	   1.1947419e+00	  -2.9065911e-05	
   4.6946335e+04	   1.1836480e+00	  -3.4589553e-05	
   4.6975511e+04	   1.1708281e+00	  -3.9763648e-05	
   4.7004687e+04	   1.1564665e+00	  -4.4540314e-05	
   4.7033863e+04	   1.1407621e+00	  -4.8877766e-05	
   4.7063038e+04	   1.1239249e+00	  -5.2740140e-05	
   4.7092214e+04	   1.1061711e+00	  -5.6097257e-05	
   4.7121390e+04	   1.0877164e+00	  -5.8925357e-05	
   4.7150566e+04	   1.0687723e+00	  -6.1207255e-05	
   4.7174064e+04	   1.0532999e+00	  -6.2640242e-05	
   4.7197561e+04	   1.0377470e+00	  -6.3708514e-05	
   4.7221058e+04	   1.0222116e+00	  -6.4411310e-05	
   4.7244555e+04	   1.0067859e+00	  -6.4750145e-05	
   4.7267314e+04	   9.9203134e-01	  -6.4734781e-05	
   4.7290072e+04	   9.7753393e-01	  -6.4386444e-05	
   4.7312830e+04	   9.6336116e-01	  -6.3711756e-05	
   4.7335589e+04	   9.4957455e-01	  -6.2718801e-05	
   4.7358516e+04	   9.3613237e-01	  -6.1406206e-05	
   4.7381444e+04	   9.2319074e-01	  -5.9791110e-05	
   4.7404372e+04	   9.1079620e-01	  -5.7885535e-05	
   4.7427300e+04	   8.9898988e-01	  -5.5702481e-05	
   4.7451026e+04	   8.8743024e-01	  -5.3166088e-05	
   4.7474752e+04	   8.7657472e-01	  -5.0363799e-05	
   4.7498478e+04	   8.6645410e-01	  -4.7312709e-05	
   4.7522204e+04	   8.5709462e-01	  -4.4030539e-05	
   4.7547108e+04	   8.4811366e-01	  -4.0356965e-05	
   4.7572012e+04	   8.4001767e-01	  -3.6470824e-05	
   4.7596915e+04	   8.3282498e-01	  -3.2394417e-05	
   4.7621819e+04	   8.2655039e-01	  -2.8150389e-05	
   4.7648349e+04	   8.2088905e-01	  -2.3470486e-05	
   4.7674880e+04	   8.1629467e-01	  -1.8654661e-05	
   4.7701410e+04	   8.1277613e-01	  -1.3731390e-05	
   4.7727941e+04	   8.1033962e-01	  -8.7292422e-06	
   4.7756870e+04	   8.0892055e-01	  -3.2187152e-06	
   4.7785799e+04	   8.0879562e-01	   2.3139614e-06	
   4.7814727e+04	   8.0996517e-01	   7.8312590e-06	
   4.7843656e+04	   8.1242659e-01	   1.3295866e-05	
   4.7876982e+04	   8.1685633e-01	   1.9477514e-05	
   4.7910308e+04	   8.2298116e-01	   2.5482972e-05	
   4.7943634e+04	   8.3078225e-01	   3.1255869e-05	
   4.7976961e+04	   8.4023292e-01	   3.6741030e-05	
   4.8003057e+04	   8.4876252e-01	   4.0800192e-05	
   4.8029152e+04	   8.5826138e-01	   4.4623933e-05	
   4.8055248e+04	   8.6870371e-01	   4.8187237e-05	
   4.8081344e+04	   8.8005853e-01	   5.1465978e-05	
   4.8107440e+04	   8.9228926e-01	   5.4436931e-05	
   4.8133536e+04	   9.0535285e-01	   5.7077625e-05	
   4.8159632e+04	   9.1919885e-01	   5.9366926e-05	
   4.8185728e+04	   9.3376905e-01	   6.1285279e-05	
   4.8213252e+04	   9.4984782e-01	   6.2886902e-05	
   4.8240775e+04	   9.6656934e-01	   6.4036811e-05	
   4.8268299e+04	   9.8383292e-01	   6.4718622e-05	
   4.8295822e+04	   1.0015262e+00	   6.4919109e-05	
   4.8321087e+04	   1.0180394e+00	   6.4670809e-05	
   4.8346352e+04	   1.0347047e+00	   6.4003133e-05	
   4.8371616e+04	   1.0514087e+00	   6.2913630e-05	
   4.8396881e+04	   1.0680311e+00	   6.1402927e-05	
   4.8420651e+04	   1.0834826e+00	   5.9600237e-05	
   4.8444422e+04	   1.0986385e+00	   5.7433578e-05	
   4.8468193e+04	   1.1133848e+00	   5.4911318e-05	
   4.8491964e+04	   1.1276061e+00	   5.2044601e-05	
   4.8514935e+04	   1.1407408e+00	   4.8960041e-05	
   4.8537906e+04	   1.1531713e+00	   4.5581737e-05	
   4.8560878e+04	   1.1647949e+00	   4.1927047e-05	
   4.8583849e+04	   1.1755131e+00	   3.8015636e-05	
   4.8606644e+04	   1.1851617e+00	   3.3901974e-05	
   4.8629440e+04	   1.1937401e+00	   2.9580544e-05	
   4.8652235e+04	   1.2011708e+00	   2.5076649e-05	
   4.8675030e+04	   1.2073853e+00	   2.0417187e-05	
   4.8698410e+04	   1.2124350e+00	   1.5506357e-05	
   4.8721790e+04	   1.2160933e+00	   1.0493824e-05	
   4.8745170e+04	   1.2183231e+00	   5.4126002e-06	
   4.8768550e+04	   1.2191020e+00	   2.9625518e-07	
   4.8793857e+04	   1.2183012e+00	  -5.2421270e-06	
   4.8819164e+04	   1.2158013e+00	  -1.0738465e-05	
   4.8844471e+04	   1.2116318e+00	  -1.6150037e-05	
   4.8869778e+04	   1.2058423e+00	  -2.1435385e-05	
   4.8902361e+04	   1.1961140e+00	  -2.7990183e-05	
   4.8934944e+04	   1.1840008e+00	  -3.4188148e-05	
   4.8967526e+04	   1.1697262e+00	  -3.9954830e-05	
   4.9000109e+04	   1.1535452e+00	  -4.5224509e-05	
   4.9029388e+04	   1.1376093e+00	  -4.9488582e-05	
   4.9058667e+04	   1.1205733e+00	  -5.3269284e-05	
   4.9087946e+04	   1.1026543e+00	  -5.6537404e-05	
   4.9117226e+04	   1.0840686e+00	  -5.9270462e-05	
   4.9141079e+04	   1.0685822e+00	  -6.1090167e-05	
   4.9164933e+04	   1.0529070e+00	  -6.2537970e-05	
   4.9188787e+04	   1.0371506e+00	  -6.3610621e-05	
   4.9212640e+04	   1.0214147e+00	  -6.4307424e-05	
   4.9235449e+04	   1.0064763e+00	  -6.4623737e-05	
   4.9258257e+04	   9.9172355e-01	  -6.4601320e-05	
   4.9281065e+04	   9.7722989e-01	  -6.4245241e-05	
   4.9303874e+04	   9.6306265e-01	  -6.3562179e-05	
   4.9326728e+04	   9.4925585e-01	  -6.2557958e-05	
   4.9349583e+04	   9.3589543e-01	  -6.1243233e-05	
   4.9372437e+04	   9.2303260e-01	  -5.9628799e-05	
   4.9395292e+04	   9.1071301e-01	  -5.7726540e-05	
   4.9418791e+04	   8.9865502e-01	  -5.5484101e-05	
   4.9442290e+04	   8.8725329e-01	  -5.2966026e-05	
   4.9465789e+04	   8.7654214e-01	  -5.0188158e-05	
   4.9489288e+04	   8.6655110e-01	  -4.7167051e-05	
   4.9513877e+04	   8.5689512e-01	  -4.3764143e-05	
   4.9538466e+04	   8.4808021e-01	  -4.0134204e-05	
   4.9563055e+04	   8.4012746e-01	  -3.6298207e-05	
   4.9587643e+04	   8.3305418e-01	  -3.2277531e-05	
   4.9613732e+04	   8.2652656e-01	  -2.7833924e-05	
   4.9639821e+04	   8.2101870e-01	  -2.3233431e-05	
   4.9665910e+04	   8.1654155e-01	  -1.8502846e-05	
   4.9691999e+04	   8.1310326e-01	  -1.3669116e-05	
   4.9720245e+04	   8.1055844e-01	  -8.3507149e-06	
   4.9748492e+04	   8.0924330e-01	  -2.9779649e-06	
   4.9776739e+04	   8.0916044e-01	   2.4142887e-06	
   4.9804985e+04	   8.1030980e-01	   7.7913225e-06	
   4.9836895e+04	   8.1308714e-01	   1.3803864e-05	
   4.9868804e+04	   8.1742710e-01	   1.9702584e-05	
   4.9900713e+04	   8.2331822e-01	   2.5437652e-05	
   4.9932623e+04	   8.3074336e-01	   3.0960030e-05	
   4.9949467e+04	   8.3527404e-01	   3.3772935e-05	
   4.9966311e+04	   8.4022182e-01	   3.6505955e-05	
   4.9983156e+04	   8.4558192e-01	   3.9152099e-05	
   5.0000000e+04	   8.5134886e-01	   4.1704478e-05	
