   0.0000000e+00	   9.6390922e-02	   4.5374400e-01	
   3.3333333e-02	   1.7655499e-01	   4.5403200e-01	
   6.6666667e-02	   3.5186169e-02	   4.5489600e-01	
   1.0000000e-01	   2.4836593e-01	   4.5446400e-01	
   1.3333333e-01	   1.7909162e-01	   4.5518400e-01	
   1.6666667e-01	   5.3987677e-02	   4.5691200e-01	
   2.0000000e-01	   8.9152873e-02	   4.5662400e-01	
   2.3333333e-01	   1.2017382e-01	   4.5576000e-01	
   2.6666667e-01	   7.2407617e-03	   4.5590400e-01	
   3.0000000e-01	   1.8614355e-01	   4.5432000e-01	
   3.3333333e-01	   1.2540897e-01	   4.5475200e-01	
   3.6666667e-01	   1.3138138e-01	   4.5648000e-01	
   4.0000000e-01	   1.3956634e-01	   4.5662400e-01	
   4.3333333e-01	   6.6200298e-02	   4.5676800e-01	
   4.6666667e-01	   1.6981157e-01	   4.5619200e-01	
   5.0000000e-01	   1.2502155e-01	   4.5604800e-01	
   5.3333333e-01	   1.3453486e-01	   4.5705600e-01	
   5.6666667e-01	   9.1517472e-02	   4.5820800e-01	
   6.0000000e-01	   2.1574873e-01	   4.5864000e-01	
   6.3333333e-01	   2.7114326e-02	   4.5806400e-01	
   6.6666667e-01	   5.3484042e-02	   4.5604800e-01	
   7.0000000e-01	   1.6430887e-01	   4.5518400e-01	
   7.3333333e-01	   1.0193726e-01	   4.5604800e-01	
   7.6666667e-01	   8.5334662e-02	   4.5763200e-01	
   8.0000000e-01	   1.1397225e-01	   4.5748800e-01	
   8.3333333e-01	   1.2272518e-01	   4.5892800e-01	
   8.6666667e-01	   5.1148986e-02	   4.5792000e-01	
   9.0000000e-01	   5.7767167e-02	   4.5806400e-01	
   9.3333333e-01	   3.0805390e-01	   4.6022400e-01	
   9.6666667e-01	   2.6110232e-01	   4.6123200e-01	
   1.0000000e+00	   1.3473848e-01	   4.6267200e-01	
   1.0333333e+00	   1.1736347e-02	   4.6195200e-01	
   1.0666667e+00	   1.3013974e-01	   4.6353600e-01	
   1.1000000e+00	   1.6060417e-01	   4.6454400e-01	
   1.1333333e+00	   2.8879072e-02	   4.6512000e-01	
   1.1666667e+00	   1.1502348e-01	   4.6468800e-01	
   1.2000000e+00	   8.0676678e-02	   4.6641600e-01	
   1.2333333e+00	   1.0471921e-01	   4.6742400e-01	
   1.2666667e+00	   7.7780843e-02	   4.6728000e-01	
   1.3000000e+00	   1.4875267e-01	   4.6828800e-01	
   1.3333333e+00	   9.8307180e-02	   4.6512000e-01	
   1.3666667e+00	   2.7336787e-02	   4.6555200e-01	
   1.4000000e+00	   1.3129705e-01	   4.6670400e-01	
   1.4333333e+00	   1.6588626e-01	   4.6684800e-01	
   1.4666667e+00	   1.0593962e-01	   4.6512000e-01	
   1.5000000e+00	   3.5618722e-02	   4.6454400e-01	
   1.5333333e+00	   3.5796338e-02	   4.6296000e-01	
   1.5666667e+00	   2.0940125e-01	   4.6180800e-01	
   1.6000000e+00	   1.6824807e-01	   4.6296000e-01	
   1.6333333e+00	   1.1881282e-01	   4.6396800e-01	
   1.6666667e+00	   1.9264114e-01	   4.6555200e-01	
   1.7000000e+00	   4.8678546e-02	   4.6497600e-01	
   1.7333333e+00	   5.2477009e-02	   4.6382400e-01	
   1.7666667e+00	   1.0937536e-01	   4.6512000e-01	
   1.8000000e+00	   6.9127113e-02	   4.6656000e-01	
   1.8333333e+00	   9.3164217e-02	   4.6800000e-01	
   1.8666667e+00	   1.7862573e-01	   4.6656000e-01	
   1.9000000e+00	   1.0505226e-01	   4.6742400e-01	
   1.9333333e+00	   1.2297482e-01	   4.6656000e-01	
   1.9666667e+00	   1.1083110e-01	   4.6843200e-01	
   2.0000000e+00	   1.9677126e-01	   4.6958400e-01	
   2.0333333e+00	   1.4278264e-01	   4.7073600e-01	
   2.0666667e+00	   1.2157854e-01	   4.7073600e-01	
   2.1000000e+00	   1.0627938e-01	   4.6929600e-01	
   2.1333333e+00	   1.0981788e-01	   4.6987200e-01	
   2.1666667e+00	   1.2847055e-01	   4.7001600e-01	
   2.2000000e+00	   1.9848515e-02	   4.7131200e-01	
   2.2333333e+00	   6.3074523e-02	   4.7102400e-01	
   2.2666667e+00	   5.2029438e-01	   4.7073600e-01	
   2.3000000e+00	   4.5003297e-01	   4.7088000e-01	
   2.3333333e+00	   3.4476584e-02	   4.7001600e-01	
   2.3666667e+00	   6.5548291e-02	   4.6915200e-01	
   2.4000000e+00	   8.8248829e-02	   4.6756800e-01	
   2.4333333e+00	   1.5103693e-01	   4.6670400e-01	
   2.4666667e+00	   2.9124277e-02	   4.6598400e-01	
   2.5000000e+00	   1.2042167e-01	   4.6526400e-01	
   2.5333333e+00	   2.6316363e-02	   4.6641600e-01	
   2.5666667e+00	   1.5708479e-01	   4.6641600e-01	
   2.6000000e+00	   1.4722189e-01	   4.6569600e-01	
   2.6333333e+00	   4.2363010e-02	   4.6483200e-01	
   2.6666667e+00	   7.8785809e-02	   4.6497600e-01	
   2.7000000e+00	   5.7220198e-02	   4.6612800e-01	
   2.7333333e+00	   7.7741412e-02	   4.6684800e-01	
   2.7666667e+00	   7.2997798e-02	   4.6684800e-01	
   2.8000000e+00	   7.1324331e-02	   4.6569600e-01	
   2.8333333e+00	   3.7319775e-02	   4.6584000e-01	
   2.8666667e+00	   1.5408338e-01	   4.6656000e-01	
   2.9000000e+00	   1.1109662e-01	   4.6785600e-01	
   2.9333333e+00	   1.1022686e-01	   4.6886400e-01	
   2.9666667e+00	   9.7757972e-02	   4.6972800e-01	
   3.0000000e+00	   7.7398878e-02	   4.7044800e-01	
   3.0333333e+00	   6.8523388e-02	   4.7030400e-01	
   3.0666667e+00	   5.2847211e-02	   4.7131200e-01	
   3.1000000e+00	   1.2261005e-01	   4.7160000e-01	
   3.1333333e+00	   1.5936640e-02	   4.7217600e-01	
   3.1666667e+00	   9.6600088e-02	   4.7390400e-01	
   3.2000000e+00	   9.1526670e-02	   4.7419200e-01	
   3.2333333e+00	   1.9804986e-01	   4.7620800e-01	
   3.2666667e+00	   8.7341300e-02	   4.7980800e-01	
   3.3000000e+00	   5.8615420e-02	   4.8052800e-01	
   3.3333333e+00	   7.9279909e-02	   4.8196800e-01	
   3.3666667e+00	   1.1662176e-01	   4.8369600e-01	
   3.4000000e+00	   1.7481816e-01	   4.8484800e-01	
   3.4333333e+00	   1.4128319e-01	   4.8456000e-01	
   3.4666667e+00	   8.9285610e-02	   4.8686400e-01	
   3.5000000e+00	   3.5514780e-02	   4.8960000e-01	
   3.5333333e+00	   1.5961868e-01	   4.9003200e-01	
   3.5666667e+00	   1.2068728e-01	   4.9233600e-01	
   3.6000000e+00	   9.9832856e-02	   4.9334400e-01	
   3.6333333e+00	   1.1034045e-01	   4.9651200e-01	
   3.6666667e+00	   1.4491370e-01	   5.0040000e-01	
   3.7000000e+00	   1.0090433e-01	   5.0040000e-01	
   3.7333333e+00	   1.2774331e-01	   5.0256000e-01	
   3.7666667e+00	   6.3918106e-03	   5.0515200e-01	
   3.8000000e+00	   1.2766372e-01	   5.0673600e-01	
   3.8333333e+00	   4.6324396e-02	   5.0846400e-01	
   3.8666667e+00	   2.3117435e-02	   5.1220800e-01	
   3.9000000e+00	   1.0783373e-01	   5.1264000e-01	
   3.9333333e+00	   1.0295716e-01	   5.1552000e-01	
   3.9666667e+00	   1.9828271e-01	   5.1739200e-01	
   4.0000000e+00	   8.6998784e-02	   5.2056000e-01	
   4.0333333e+00	   2.2965923e-01	   5.2257600e-01	
   4.0666667e+00	   5.8339952e-02	   5.2574400e-01	
   4.1000000e+00	   9.9757854e-02	   5.2617600e-01	
   4.1333333e+00	   1.2903533e-01	   5.2704000e-01	
   4.1666667e+00	   2.1448566e-02	   5.3078400e-01	
   4.2000000e+00	   1.5503944e-01	   5.3208000e-01	
   4.2333333e+00	   6.6624168e-02	   5.3452800e-01	
   4.2666667e+00	   3.9696167e-02	   5.3611200e-01	
   4.3000000e+00	   1.1343644e-01	   5.3812800e-01	
   4.3333333e+00	   1.1935630e-01	   5.3971200e-01	
   4.3666667e+00	   5.6135995e-02	   5.4057600e-01	
   4.4000000e+00	   3.2044329e-02	   5.4086400e-01	
   4.4333333e+00	   4.7382458e-02	   5.4086400e-01	
   4.4666667e+00	   2.8174561e-02	   5.4043200e-01	
   4.5000000e+00	   4.0604121e-02	   5.4216000e-01	
   4.5333333e+00	   2.2642881e-01	   5.4288000e-01	
   4.5666667e+00	   5.4313726e-02	   5.4504000e-01	
   4.6000000e+00	   6.3378795e-02	   5.4460800e-01	
   4.6333333e+00	   2.2294437e-01	   5.4460800e-01	
   4.6666667e+00	   3.3682569e-01	   5.4518400e-01	
   4.7000000e+00	   1.2113048e-01	   5.4417600e-01	
   4.7333333e+00	   3.8871918e-02	   5.4432000e-01	
   4.7666667e+00	   7.5438249e-02	   5.4432000e-01	
   4.8000000e+00	   9.1223286e-02	   5.4475200e-01	
   4.8333333e+00	   1.3715146e-01	   5.4331200e-01	
   4.8666667e+00	   3.0273595e-02	   5.4489600e-01	
   4.9000000e+00	   2.2018418e-01	   5.4504000e-01	
   4.9333333e+00	   3.3358615e-01	   5.4417600e-01	
   4.9666667e+00	   1.6798903e-01	   5.4288000e-01	
   5.0000000e+00	   2.8406705e-01	   5.4100800e-01	
   5.0333333e+00	   3.5387285e-01	   5.4086400e-01	
   5.0666667e+00	   8.1869039e-02	   5.4158400e-01	
   5.1000000e+00	   1.9273344e-01	   5.4086400e-01	
   5.1333333e+00	   7.9088873e-02	   5.4201600e-01	
   5.1666667e+00	   9.6641850e-02	   5.4244800e-01	
   5.2000000e+00	   1.3703985e-02	   5.4187200e-01	
   5.2333333e+00	   7.1060237e-02	   5.4230400e-01	
   5.2666667e+00	   1.6018017e-01	   5.4374400e-01	
   5.3000000e+00	   1.1359974e-01	   5.4561600e-01	
   5.3333333e+00	   7.2876260e-02	   5.4446400e-01	
   5.3666667e+00	   7.0154017e-02	   5.4475200e-01	
   5.4000000e+00	   1.1655228e-01	   5.4460800e-01	
   5.4333333e+00	   1.1115814e-01	   5.4432000e-01	
   5.4666667e+00	   1.0426032e-01	   5.4748800e-01	
   5.5000000e+00	   1.6180380e-01	   5.4619200e-01	
   5.5333333e+00	   8.0077213e-02	   5.4532800e-01	
   5.5666667e+00	   1.8490485e-01	   5.4576000e-01	
   5.6000000e+00	   1.6723017e-01	   5.4489600e-01	
   5.6333333e+00	   1.4634973e-01	   5.4676800e-01	
   5.6666667e+00	   9.4233166e-02	   5.4835200e-01	
   5.7000000e+00	   1.9184551e-02	   5.4849600e-01	
   5.7333333e+00	   9.3324611e-02	   5.4864000e-01	
   5.7666667e+00	   1.0208344e-01	   5.4950400e-01	
   5.8000000e+00	   6.0552421e-02	   5.5022400e-01	
   5.8333333e+00	   2.7611936e-02	   5.5180800e-01	
   5.8666667e+00	   1.2388557e-01	   5.5468800e-01	
   5.9000000e+00	   1.5257154e-01	   5.5612800e-01	
   5.9333333e+00	   2.0500511e-01	   5.5584000e-01	
   5.9666667e+00	   3.4063184e-02	   5.5713600e-01	
   6.0000000e+00	   1.1468516e-01	   5.5670400e-01	
   6.0333333e+00	   7.1407679e-02	   5.5771200e-01	
   6.0666667e+00	   1.5675129e-01	   5.5900800e-01	
   6.1000000e+00	   6.5552794e-02	   5.6116800e-01	
   6.1333333e+00	   9.1835350e-02	   5.6491200e-01	
   6.1666667e+00	   2.4633347e-01	   5.6664000e-01	
   6.2000000e+00	   1.1871755e-01	   5.6692800e-01	
   6.2333333e+00	   1.1409508e-01	   5.6592000e-01	
   6.2666667e+00	   1.1825619e-02	   5.6433600e-01	
   6.3000000e+00	   4.0699607e-02	   5.6433600e-01	
   6.3333333e+00	   9.5772383e-02	   5.6246400e-01	
   6.3666667e+00	   1.1520639e-01	   5.6390400e-01	
   6.4000000e+00	   3.6638234e-01	   5.6404800e-01	
   6.4333333e+00	   4.2243454e-01	   5.6332800e-01	
   6.4666667e+00	   7.7070033e-02	   5.6145600e-01	
   6.5000000e+00	   5.8640999e-02	   5.5843200e-01	
   6.5333333e+00	   9.4693556e-02	   5.5886400e-01	
   6.5666667e+00	   9.9439964e-02	   5.5915200e-01	
   6.6000000e+00	   7.0424859e-02	   5.5872000e-01	
   6.6333333e+00	   7.0107809e-02	   5.5800000e-01	
   6.6666667e+00	   3.7780231e-02	   5.5742400e-01	
   6.7000000e+00	   3.3359709e-02	   5.5785600e-01	
   6.7333333e+00	   4.7514846e-02	   5.5785600e-01	
   6.7666667e+00	   1.7472809e-01	   5.6044800e-01	
   6.8000000e+00	   1.9872237e-01	   5.5872000e-01	
   6.8333333e+00	   4.8599426e-02	   5.6073600e-01	
   6.8666667e+00	   6.6530489e-02	   5.6347200e-01	
   6.9000000e+00	   9.4088370e-02	   5.6332800e-01	
   6.9333333e+00	   1.0790663e-01	   5.6476800e-01	
   6.9666667e+00	   1.6235022e-01	   5.6750400e-01	
   7.0000000e+00	   1.9593161e-02	   5.6822400e-01	
   7.0333333e+00	   1.3404753e-01	   5.7038400e-01	
   7.0666667e+00	   1.0813038e-01	   5.7326400e-01	
   7.1000000e+00	   1.0081048e-01	   5.7312000e-01	
   7.1333333e+00	   1.8256402e-02	   5.7384000e-01	
   7.1666667e+00	   1.0547081e-01	   5.7585600e-01	
   7.2000000e+00	   6.0773332e-02	   5.7600000e-01	
   7.2333333e+00	   2.7305960e-02	   5.7628800e-01	
   7.2666667e+00	   7.8577295e-02	   5.7600000e-01	
   7.3000000e+00	   4.4146128e-02	   5.7585600e-01	
   7.3333333e+00	   7.4119927e-02	   5.7528000e-01	
   7.3666667e+00	   1.3796921e-01	   5.7643200e-01	
   7.4000000e+00	   5.2852100e-02	   5.7643200e-01	
   7.4333333e+00	   1.0002576e-01	   5.7628800e-01	
   7.4666667e+00	   5.9647282e-02	   5.7571200e-01	
   7.5000000e+00	   2.5511788e-02	   5.7542400e-01	
   7.5333333e+00	   5.3666328e-02	   5.7384000e-01	
   7.5666667e+00	   2.5740816e-01	   5.7456000e-01	
   7.6000000e+00	   2.4609312e-01	   5.7513600e-01	
   7.6333333e+00	   3.7035738e-02	   5.7585600e-01	
   7.6666667e+00	   4.3644394e-02	   5.7744000e-01	
   7.7000000e+00	   6.5281831e-02	   5.7715200e-01	
   7.7333333e+00	   5.2618336e-02	   5.7600000e-01	
   7.7666667e+00	   2.5365844e-02	   5.7614400e-01	
   7.8000000e+00	   4.9116865e-02	   5.7715200e-01	
   7.8333333e+00	   7.0758028e-02	   5.7902400e-01	
   7.8666667e+00	   1.9785254e-01	   5.7830400e-01	
   7.9000000e+00	   1.3678140e-01	   5.7801600e-01	
   7.9333333e+00	   3.5244567e-01	   5.7700800e-01	
   7.9666667e+00	   1.5316202e-01	   5.7960000e-01	
   8.0000000e+00	   2.4339839e-01	   5.8190400e-01	
   8.0333333e+00	   3.1849085e-01	   5.8262400e-01	
   8.0666667e+00	   2.1872196e-01	   5.8478400e-01	
   8.1000000e+00	   4.0192542e-02	   5.8420800e-01	
   8.1333333e+00	   1.9145946e-02	   5.8377600e-01	
   8.1666667e+00	   5.4585705e-02	   5.8608000e-01	
   8.2000000e+00	   5.2821687e-02	   5.8579200e-01	
   8.2333333e+00	   5.9351080e-02	   5.8809600e-01	
   8.2666667e+00	   1.3586025e-01	   5.9083200e-01	
   8.3000000e+00	   6.3219146e-02	   5.9112000e-01	
   8.3333333e+00	   1.3663898e-01	   5.9241600e-01	
   8.3666667e+00	   4.8077951e-02	   5.9356800e-01	
   8.4000000e+00	   1.2521845e-01	   5.9443200e-01	
   8.4333333e+00	   5.0269198e-02	   5.9500800e-01	
   8.4666667e+00	   1.4815123e-01	   5.9659200e-01	
   8.5000000e+00	   6.5726184e-02	   5.9630400e-01	
   8.5333333e+00	   5.4354303e-02	   5.9630400e-01	
   8.5666667e+00	   8.1773972e-02	   5.9601600e-01	
   8.6000000e+00	   7.2187346e-02	   5.9558400e-01	
   8.6333333e+00	   8.1076582e-02	   5.9601600e-01	
   8.6666667e+00	   4.2864557e-02	   5.9587200e-01	
   8.7000000e+00	   1.7296635e-02	   5.9673600e-01	
   8.7333333e+00	   3.5598460e-02	   5.9356800e-01	
   8.7666667e+00	   1.6734741e-01	   5.9515200e-01	
   8.8000000e+00	   2.7155490e-02	   5.9457600e-01	
   8.8333333e+00	   1.7001720e-01	   5.9328000e-01	
   8.8666667e+00	   6.9033437e-02	   5.9673600e-01	
   8.9000000e+00	   1.1603992e-01	   5.9846400e-01	
   8.9333333e+00	   5.6293338e-02	   5.9947200e-01	
   8.9666667e+00	   2.2479411e-01	   6.0350400e-01	
   9.0000000e+00	   1.2223637e-01	   6.0451200e-01	
   9.0333333e+00	   7.5724505e-02	   6.0523200e-01	
   9.0666667e+00	   1.0266557e-01	   6.0710400e-01	
   9.1000000e+00	   3.0261943e-02	   6.0897600e-01	
   9.1333333e+00	   3.3031928e-02	   6.1272000e-01	
   9.1666667e+00	   2.8816202e-02	   6.1617600e-01	
   9.2000000e+00	   7.8181004e-02	   6.1603200e-01	
   9.2333333e+00	   3.1472728e-02	   6.1804800e-01	
   9.2666667e+00	   2.1661069e-01	   6.2107200e-01	
   9.3000000e+00	   1.0340254e-01	   6.2222400e-01	
   9.3333333e+00	   7.6553700e-02	   6.2337600e-01	
   9.3666667e+00	   1.9255730e-01	   6.2409600e-01	
   9.4000000e+00	   7.1757632e-02	   6.2424000e-01	
   9.4333333e+00	   1.5085908e-01	   6.2596800e-01	
   9.4666667e+00	   1.6731868e-01	   6.2712000e-01	
   9.5000000e+00	   1.5417353e-01	   6.2870400e-01	
   9.5333333e+00	   8.0017939e-03	   6.2884800e-01	
   9.5666667e+00	   6.2370898e-02	   6.3187200e-01	
   9.6000000e+00	   9.4915411e-03	   6.3316800e-01	
   9.6333333e+00	   2.7848979e-02	   6.3043200e-01	
   9.6666667e+00	   5.3983411e-02	   6.3273600e-01	
   9.7000000e+00	   8.7647880e-02	   6.3345600e-01	
   9.7333333e+00	   1.5966258e-01	   6.3288000e-01	
   9.7666667e+00	   7.4950316e-02	   6.3576000e-01	
   9.8000000e+00	   2.1185700e-01	   6.3662400e-01	
   9.8333333e+00	   1.0494491e-01	   6.3921600e-01	
   9.8666667e+00	   2.8771524e-02	   6.3806400e-01	
   9.9000000e+00	   1.7920945e-01	   6.4036800e-01	
   9.9333333e+00	   5.9093156e-02	   6.3979200e-01	
   9.9666667e+00	   9.9728230e-02	   6.3864000e-01	
   1.0000000e+01	   1.3176087e-01	   6.3979200e-01	
   1.0033333e+01	   1.7933340e-01	   6.4065600e-01	
   1.0066667e+01	   6.2315450e-02	   6.4339200e-01	
   1.0100000e+01	   4.1193366e-02	   6.4353600e-01	
   1.0133333e+01	   5.8571160e-02	   6.4267200e-01	
   1.0166667e+01	   1.0118561e-01	   6.4843200e-01	
   1.0200000e+01	   7.6833350e-02	   6.4900800e-01	
   1.0233333e+01	   1.0290972e-01	   6.5088000e-01	
   1.0266667e+01	   1.0727536e-01	   6.5102400e-01	
   1.0300000e+01	   1.0027132e-01	   6.5131200e-01	
   1.0333333e+01	   8.1810101e-02	   6.5174400e-01	
   1.0366667e+01	   6.4493192e-02	   6.5520000e-01	
   1.0400000e+01	   1.2661507e-01	   6.5635200e-01	
   1.0433333e+01	   6.1202697e-02	   6.6009600e-01	
   1.0466667e+01	   8.3532539e-02	   6.6830400e-01	
   1.0500000e+01	   2.3518920e-02	   6.6844800e-01	
   1.0533333e+01	   2.0346074e-02	   6.6888000e-01	
   1.0566667e+01	   8.1636797e-02	   6.6758400e-01	
   1.0600000e+01	   4.0392036e-02	   6.7291200e-01	
   1.0633333e+01	   7.4708749e-02	   6.7190400e-01	
   1.0666667e+01	   3.6352550e-02	   6.7118400e-01	
   1.0700000e+01	   1.2421891e-01	   6.7176000e-01	
   1.0733333e+01	   4.3188412e-02	   6.7276800e-01	
   1.0766667e+01	   1.9679223e-01	   6.7665600e-01	
   1.0800000e+01	   1.6854624e-01	   6.8198400e-01	
   1.0833333e+01	   9.1469832e-02	   6.8500800e-01	
   1.0866667e+01	   5.9487285e-02	   6.8630400e-01	
   1.0900000e+01	   1.2198922e-01	   6.8688000e-01	
   1.0933333e+01	   9.7501234e-02	   6.8961600e-01	
   1.0966667e+01	   4.3456129e-02	   6.8457600e-01	
   1.1000000e+01	   1.5782267e-01	   6.8630400e-01	
   1.1033333e+01	   1.0837604e-01	   6.8659200e-01	
   1.1066667e+01	   1.9686920e-01	   6.8976000e-01	
   1.1100000e+01	   1.1348584e-01	   6.9811200e-01	
   1.1133333e+01	   1.6609928e-02	   7.0257600e-01	
   1.1166667e+01	   1.2442909e-01	   6.9998400e-01	
   1.1200000e+01	   1.0183459e-01	   7.0372800e-01	
   1.1233333e+01	   3.7620226e-02	   6.9667200e-01	
   1.1266667e+01	   2.2108367e-01	   7.0387200e-01	
   1.1300000e+01	   3.7333470e-02	   7.0329600e-01	
   1.1333333e+01	   9.7697331e-02	   7.0315200e-01	
   1.1366667e+01	   8.7594673e-02	   7.1150400e-01	
   1.1400000e+01	   3.6981035e-02	   7.1265600e-01	
   1.1433333e+01	   9.8459102e-02	   7.0747200e-01	
   1.1466667e+01	   1.9183393e-01	   7.0531200e-01	
   1.1500000e+01	   1.4173897e-01	   7.1395200e-01	
   1.1533333e+01	   5.8438405e-02	   7.1553600e-01	
   1.1566667e+01	   8.2906380e-02	   7.1164800e-01	
   1.1600000e+01	   6.8540651e-02	   7.1798400e-01	
   1.1633333e+01	   1.8091788e-01	   7.1568000e-01	
   1.1666667e+01	   1.3776504e-01	   7.1812800e-01	
   1.1700000e+01	   2.2492192e-01	   7.1496000e-01	
   1.1733333e+01	   1.7572043e-01	   7.2230400e-01	
   1.1766667e+01	   1.8099062e-01	   7.1985600e-01	
   1.1800000e+01	   7.3801379e-02	   7.2144000e-01	
   1.1833333e+01	   6.4681530e-02	   7.2720000e-01	
   1.1866667e+01	   1.4977613e-01	   7.3224000e-01	
   1.1900000e+01	   1.2585460e-01	   7.3339200e-01	
   1.1933333e+01	   2.6477278e-01	   7.3915200e-01	
   1.1966667e+01	   1.8454019e-01	   7.4332800e-01	
   1.2000000e+01	   5.6240156e-02	   7.4620800e-01	
   1.2033333e+01	   2.1474140e-01	   7.4822400e-01	
   1.2066667e+01	   3.1051858e-01	   7.5902400e-01	
   1.2100000e+01	   2.0997275e-01	   7.6305600e-01	
   1.2133333e+01	   2.9819858e-01	   7.6665600e-01	
   1.2166667e+01	   2.1350913e-01	   7.7587200e-01	
   1.2200000e+01	   3.9093727e-01	   7.8091200e-01	
   1.2233333e+01	   2.1564916e-01	   7.9315200e-01	
   1.2266667e+01	   3.9122485e-01	   7.9560000e-01	
   1.2300000e+01	   5.2005095e-01	   8.0481600e-01	
   1.2333333e+01	   4.6278697e-01	   8.1417600e-01	
   1.2366667e+01	   6.2464789e-01	   8.2944000e-01	
   1.2400000e+01	   5.3158394e-01	   8.4326400e-01	
   1.2433333e+01	   5.9642077e-01	   8.7076800e-01	
   1.2466667e+01	   7.4902644e-01	   8.9035200e-01	
   1.2500000e+01	   9.3029657e-01	   9.2520000e-01	
   1.2533333e+01	   1.0741179e+00	   9.6134400e-01	
   1.2566667e+01	   1.1480107e+00	   1.0137600e+00	
   1.2600000e+01	   1.3053208e+00	   1.0625760e+00	
   1.2633333e+01	   1.3351943e+00	   1.1390400e+00	
   1.2666667e+01	   1.5414591e+00	   1.2238560e+00	
   1.2700000e+01	   1.7900572e+00	   1.2656160e+00	
   1.2733333e+01	   2.1528966e+00	   1.4392800e+00	
   1.2766667e+01	   2.3890276e+00	   1.5037920e+00	
   1.2800000e+01	   2.5351712e+00	   1.6329600e+00	
   1.2833333e+01	   2.7356141e+00	   1.7807040e+00	
   1.2866667e+01	   2.9668369e+00	   1.9402560e+00	
   1.2900000e+01	   3.1703830e+00	   2.1080160e+00	
   1.2933333e+01	   3.2438567e+00	   2.2944960e+00	
   1.2966667e+01	   3.3171805e+00	   2.4770880e+00	
   1.3000000e+01	   3.3873004e+00	   2.6595360e+00	
   1.3033333e+01	   3.4944048e+00	   2.8408320e+00	
   1.3066667e+01	   3.4344845e+00	   3.0191040e+00	
   1.3100000e+01	   3.4534810e+00	   3.1786560e+00	
   1.3133333e+01	   3.3723013e+00	   3.3465600e+00	
   1.3166667e+01	   3.3219011e+00	   3.4905600e+00	
   1.3200000e+01	   3.3012352e+00	   3.6162720e+00	
   1.3233333e+01	   3.1436382e+00	   3.7183680e+00	
   1.3266667e+01	   3.0137137e+00	   3.8050560e+00	
   1.3300000e+01	   3.0074059e+00	   3.8782080e+00	
   1.3333333e+01	   2.9391507e+00	   3.9278880e+00	
   1.3366667e+01	   2.7841995e+00	   3.9716640e+00	
   1.3400000e+01	   2.6310964e+00	   3.9877920e+00	
   1.3433333e+01	   2.6748362e+00	   3.9745440e+00	
   1.3466667e+01	   2.5793230e+00	   3.9650400e+00	
   1.3500000e+01	   2.4037976e+00	   3.9450240e+00	
   1.3533333e+01	   2.4511147e+00	   3.9083040e+00	
   1.3566667e+01	   2.3615029e+00	   3.8594880e+00	
   1.3600000e+01	   2.1845156e+00	   3.8041920e+00	
   1.3633333e+01	   2.2569742e+00	   3.7238400e+00	
   1.3666667e+01	   2.1593680e+00	   3.6541440e+00	
   1.3700000e+01	   1.9745348e+00	   3.6332640e+00	
   1.3733333e+01	   1.9263656e+00	   3.4683840e+00	
   1.3766667e+01	   1.9026546e+00	   3.4187040e+00	
   1.3800000e+01	   1.7901663e+00	   3.2304960e+00	
   1.3833333e+01	   1.7368934e+00	   3.0981600e+00	
   1.3866667e+01	   1.6080483e+00	   3.0443040e+00	
   1.3900000e+01	   1.7110817e+00	   2.8566720e+00	
   1.3933333e+01	   1.5924599e+00	   2.7100800e+00	
   1.3966667e+01	   1.4861504e+00	   2.5848000e+00	
   1.4000000e+01	   1.5529573e+00	   2.4544800e+00	
   1.4033333e+01	   1.3528889e+00	   2.3268960e+00	
   1.4066667e+01	   1.3062296e+00	   2.2746240e+00	
   1.4100000e+01	   1.3446468e+00	   2.1634560e+00	
   1.4133333e+01	   1.2275897e+00	   2.0635200e+00	
   1.4166667e+01	   1.2186553e+00	   1.9487520e+00	
   1.4200000e+01	   1.1619068e+00	   1.3203360e+00	
   1.4233333e+01	   1.1524643e+00	   1.2568320e+00	
   1.4266667e+01	   1.1418471e+00	   1.1855520e+00	
   1.4300000e+01	   1.0726197e+00	   1.1250720e+00	
   1.4333333e+01	   1.0972574e+00	   1.0798560e+00	
   1.4366667e+01	   9.7193081e-01	   1.0392480e+00	
   1.4400000e+01	   9.7577138e-01	   9.9432000e-01	
   1.4433333e+01	   9.4226994e-01	   4.0896000e-01	
   1.4466667e+01	   9.0856744e-01	   3.9931200e-01	
   1.4500000e+01	   9.5913547e-01	   3.9182400e-01	
   1.4533333e+01	   9.2077526e-01	   3.8534400e-01	
   1.4566667e+01	   8.3136438e-01	   8.3534400e-01	
   1.4600000e+01	   8.0905735e-01	   8.1964800e-01	
   1.4633333e+01	   8.4662335e-01	   8.0654400e-01	
   1.4666667e+01	   7.2151801e-01	   7.8436800e-01	
   1.4700000e+01	   7.8216253e-01	   7.6262400e-01	
   1.4733333e+01	   7.0711230e-01	   7.5326400e-01	
   1.4766667e+01	   7.1091614e-01	   7.3512000e-01	
   1.4800000e+01	   8.1903030e-01	   7.2360000e-01	
   1.4833333e+01	   6.4981668e-01	   7.1265600e-01	
   1.4866667e+01	   7.2520788e-01	   6.9624000e-01	
   1.4900000e+01	   6.6338718e-01	   6.8788800e-01	
   1.4933333e+01	   6.3053588e-01	   6.7852800e-01	
   1.4966667e+01	   6.0555379e-01	   6.6384000e-01	
   1.5000000e+01	   6.8533069e-01	   6.5404800e-01	
   1.5033333e+01	   6.2194331e-01	   6.5073600e-01	
   1.5066667e+01	   5.0334901e-01	   6.4022400e-01	
   1.5100000e+01	   5.9244313e-01	   6.2856000e-01	
   1.5133333e+01	   5.4974326e-01	   6.2755200e-01	
   1.5166667e+01	   5.5227734e-01	   6.1718400e-01	
   1.5200000e+01	   6.1128087e-01	   6.1070400e-01	
   1.5233333e+01	   5.3115055e-01	   6.0408000e-01	
   1.5266667e+01	   4.5768821e-01	   5.9659200e-01	
   1.5300000e+01	   4.7200282e-01	   5.9083200e-01	
   1.5333333e+01	   5.0113048e-01	   5.8406400e-01	
   1.5366667e+01	   4.7908974e-01	   5.7643200e-01	
   1.5400000e+01	   4.6138130e-01	   5.6995200e-01	
   1.5433333e+01	   4.3685106e-01	   5.6750400e-01	
   1.5466667e+01	   4.6969399e-01	   5.5540800e-01	
   1.5500000e+01	   4.9134336e-01	   5.5224000e-01	
   1.5533333e+01	   4.3785067e-01	   5.4892800e-01	
   1.5566667e+01	   3.6616773e-01	   5.4403200e-01	
   1.5600000e+01	   4.7690355e-01	   5.3755200e-01	
   1.5633333e+01	   3.9646612e-01	   5.3510400e-01	
   1.5666667e+01	   3.5263035e-01	   5.2790400e-01	
   1.5700000e+01	   4.2514869e-01	   5.2531200e-01	
   1.5733333e+01	   4.3372189e-01	   5.2387200e-01	
   1.5766667e+01	   3.0707942e-01	   5.1537600e-01	
   1.5800000e+01	   4.1415876e-01	   5.1264000e-01	
   1.5833333e+01	   2.6060709e-01	   5.0803200e-01	
   1.5866667e+01	   3.6985634e-01	   5.0184000e-01	
   1.5900000e+01	   5.1407293e-01	   5.0068800e-01	
   1.5933333e+01	   3.4324861e-01	   4.9737600e-01	
   1.5966667e+01	   2.8691908e-01	   4.9161600e-01	
   1.6000000e+01	   2.4352514e-01	   4.8585600e-01	
   1.6033333e+01	   2.9329570e-01	   4.8283200e-01	
   1.6066667e+01	   3.3397942e-01	   4.7894400e-01	
   1.6100000e+01	   2.9887521e-01	   4.7592000e-01	
   1.6133333e+01	   2.0668935e-01	   4.7217600e-01	
   1.6166667e+01	   3.1112641e-01	   4.6872000e-01	
   1.6200000e+01	   2.4101335e-01	   4.6641600e-01	
   1.6233333e+01	   2.3654062e-01	   4.6065600e-01	
   1.6266667e+01	   2.9592052e-01	   4.5648000e-01	
   1.6300000e+01	   2.3585592e-01	   4.5475200e-01	
   1.6333333e+01	   1.9170407e-01	   4.5201600e-01	
   1.6366667e+01	   2.2703531e-01	   4.4697600e-01	
   1.6400000e+01	   3.4420384e-01	   4.4726400e-01	
   1.6433333e+01	   2.0326902e-01	   4.4510400e-01	
   1.6466667e+01	   2.3019565e-01	   4.4193600e-01	
   1.6500000e+01	   1.4458752e-01	   4.4049600e-01	
   1.6533333e+01	   1.7706306e-01	   4.3920000e-01	
   1.6566667e+01	   9.3340988e-02	   4.3372800e-01	
   1.6600000e+01	   1.9396291e-01	   4.3185600e-01	
   1.6633333e+01	   1.4564626e-01	   4.3214400e-01	
   1.6666667e+01	   1.8151909e-01	   4.2840000e-01	
   1.6700000e+01	   1.4346204e-01	   4.2811200e-01	
   1.6733333e+01	   9.2609113e-02	   4.2624000e-01	
   1.6766667e+01	   6.2357090e-02	   4.2177600e-01	
   1.6800000e+01	   1.5518178e-01	   4.2336000e-01	
   1.6833333e+01	   7.8685659e-02	   4.2076800e-01	
   1.6866667e+01	   1.7263740e-01	   4.1760000e-01	
   1.6900000e+01	   4.7905724e-02	   4.1817600e-01	
   1.6933333e+01	   2.4864318e-02	   4.1731200e-01	
   1.6966667e+01	   1.3876838e-01	   4.1486400e-01	
   1.7000000e+01	   1.3100926e-01	   4.1385600e-01	
   1.7033333e+01	   2.6342830e-02	   4.1299200e-01	
   1.7066667e+01	   1.0304505e-01	   4.1155200e-01	
   1.7100000e+01	   2.2169571e-02	   4.1011200e-01	
   1.7133333e+01	   9.0464864e-02	   4.0780800e-01	
   1.7166667e+01	   1.2401609e-01	   4.0824000e-01	
   1.7200000e+01	   0.0000000e+00	   4.0766400e-01	
   1.7233333e+01	   3.5075888e-02	   4.0579200e-01	
   1.7266667e+01	   4.6379926e-02	   4.0492800e-01	
   1.7300000e+01	   1.3265086e-02	   4.0492800e-01	
   1.7333333e+01	   7.7968807e-02	   4.0521600e-01	
   1.7366667e+01	   1.3905138e-02	   4.0305600e-01	
   1.7400000e+01	   1.0599760e-02	   4.0190400e-01	
   1.7433333e+01	   1.3109373e-01	   4.0118400e-01	
   1.7466667e+01	   3.1901439e-03	   4.0003200e-01	
   1.7500000e+01	   6.0849872e-02	   3.9945600e-01	
   1.7533333e+01	   7.3459486e-02	   4.0003200e-01	
   1.7566667e+01	   5.1506633e-02	   3.9830400e-01	
   1.7600000e+01	   4.2862377e-02	   3.9772800e-01	
   1.7633333e+01	   1.2830908e-02	   3.9571200e-01	
   1.7666667e+01	   1.3053346e-02	   3.9657600e-01	
   1.7700000e+01	   3.3580636e-02	   3.9643200e-01	
   1.7733333e+01	   8.8448213e-02	   3.9542400e-01	
   1.7766667e+01	   9.2120971e-02	   3.9456000e-01	
   1.7800000e+01	   3.7739441e-02	   3.9369600e-01	
   1.7833333e+01	   7.2805948e-02	   3.9196800e-01	
   1.7866667e+01	   2.1848935e-02	   3.9196800e-01	
   1.7900000e+01	   1.2598258e-02	   3.9196800e-01	
   1.7933333e+01	   7.3423933e-02	   3.9081600e-01	
   1.7966667e+01	   2.5593331e-02	   3.9081600e-01	
   1.8000000e+01	   1.1220923e-01	   3.9024000e-01	
   1.8033333e+01	   1.8310707e-02	   3.8966400e-01	
   1.8066667e+01	   2.8698203e-02	   3.8937600e-01	
   1.8100000e+01	   1.1971151e-01	   3.8995200e-01	
   1.8133333e+01	   1.2702877e-02	   3.8952000e-01	
   1.8166667e+01	   1.3282141e-02	   3.8836800e-01	
   1.8200000e+01	   3.4236527e-02	   3.8808000e-01	
   1.8233333e+01	   3.9913496e-02	   3.8664000e-01	
   1.8266667e+01	   1.8796921e-02	   3.8707200e-01	
   1.8300000e+01	   8.1410803e-02	   3.8793600e-01	
   1.8333333e+01	   7.5578178e-02	   3.8793600e-01	
   1.8366667e+01	   2.7739997e-02	   3.8851200e-01	
   1.8400000e+01	   8.4609365e-02	   3.8721600e-01	
   1.8433333e+01	   5.2905643e-02	   3.8491200e-01	
   1.8466667e+01	   4.0900989e-02	   3.8548800e-01	
   1.8500000e+01	   1.4744421e-01	   3.8577600e-01	
   1.8533333e+01	   6.0832305e-02	   3.8620800e-01	
   1.8566667e+01	   1.0054136e-01	   3.8606400e-01	
   1.8600000e+01	   8.0176162e-02	   3.8592000e-01	
   1.8633333e+01	   2.7915440e-02	   3.8491200e-01	
   1.8666667e+01	   4.1814378e-02	   3.8361600e-01	
   1.8700000e+01	   8.4238453e-02	   3.8332800e-01	
   1.8733333e+01	   8.9510742e-02	   3.8260800e-01	
   1.8766667e+01	   3.1544835e-02	   3.8318400e-01	
   1.8800000e+01	   4.4691762e-02	   3.8376000e-01	
   1.8833333e+01	   6.7862732e-02	   3.8289600e-01	
   1.8866667e+01	   1.1338500e-01	   3.8275200e-01	
   1.8900000e+01	   5.2832296e-02	   3.8260800e-01	
   1.8933333e+01	   8.3590104e-02	   3.8131200e-01	
   1.8966667e+01	   8.2786389e-02	   3.7915200e-01	
   1.9000000e+01	   1.0393427e-01	   3.7828800e-01	
   1.9033333e+01	   5.2398058e-02	   3.7814400e-01	
   1.9066667e+01	   5.9938712e-02	   3.7713600e-01	
   1.9100000e+01	   9.3663751e-02	   3.7684800e-01	
   1.9133333e+01	   1.3361560e-01	   3.7612800e-01	
   1.9166667e+01	   8.4372197e-02	   3.7699200e-01	
   1.9200000e+01	   8.2163694e-02	   3.7684800e-01	
   1.9233333e+01	   6.7766653e-02	   3.7569600e-01	
   1.9266667e+01	   8.9096502e-02	   3.7526400e-01	
   1.9300000e+01	   2.5135041e-02	   3.7526400e-01	
   1.9333333e+01	   3.4270966e-02	   3.7454400e-01	
   1.9366667e+01	   1.1459477e-02	   3.7512000e-01	
   1.9400000e+01	   9.8837929e-02	   3.7512000e-01	
   1.9433333e+01	   4.5379227e-02	   3.7454400e-01	
   1.9466667e+01	   4.7237012e-02	   3.7497600e-01	
   1.9500000e+01	   1.5428017e-02	   3.7382400e-01	
   1.9533333e+01	   8.1537330e-02	   3.7411200e-01	
   1.9566667e+01	   3.8047009e-02	   3.7324800e-01	
   1.9600000e+01	   3.5129821e-02	   3.7339200e-01	
   1.9633333e+01	   1.0323072e-01	   3.7368000e-01	
   1.9666667e+01	   7.6906790e-02	   3.7324800e-01	
   1.9700000e+01	   5.2453333e-02	   3.7454400e-01	
   1.9733333e+01	   1.8951258e-01	   3.7425600e-01	
   1.9766667e+01	   3.3815531e-02	   3.7512000e-01	
   1.9800000e+01	   1.9821170e-02	   3.7526400e-01	
   1.9833333e+01	   3.1056834e-02	   3.7368000e-01	
   1.9866667e+01	   5.5951831e-02	   3.7411200e-01	
   1.9900000e+01	   3.8360987e-02	   3.7425600e-01	
   1.9933333e+01	   1.0119888e-01	   3.7612800e-01	
   1.9966667e+01	   5.9252930e-02	   3.7368000e-01	
   2.0000000e+01	   2.0620007e-02	   3.7497600e-01	
   2.0033333e+01	   7.1705581e-02	   3.7540800e-01	
   2.0066667e+01	   5.6111363e-02	   3.7785600e-01	
   2.0100000e+01	   6.8389526e-02	   3.7900800e-01	
   2.0133333e+01	   2.6949132e-02	   3.8102400e-01	
   2.0166667e+01	   7.0394987e-02	   3.8145600e-01	
   2.0200000e+01	   7.8307924e-02	   3.8145600e-01	
   2.0233333e+01	   7.5064466e-02	   3.8217600e-01	
   2.0266667e+01	   8.4580424e-02	   3.8462400e-01	
   2.0300000e+01	   1.2455090e-01	   3.8433600e-01	
   2.0333333e+01	   1.2115727e-01	   3.8635200e-01	
   2.0366667e+01	   8.6315175e-02	   3.9024000e-01	
   2.0400000e+01	   3.3185424e-02	   3.9124800e-01	
   2.0433333e+01	   1.8886213e-01	   3.9412800e-01	
   2.0466667e+01	   1.0828058e-01	   3.9585600e-01	
   2.0500000e+01	   3.1936265e-02	   3.9801600e-01	
   2.0533333e+01	   1.1932044e-01	   4.0032000e-01	
   2.0566667e+01	   5.5347184e-03	   4.0118400e-01	
   2.0600000e+01	   4.3925814e-02	   4.0593600e-01	
   2.0633333e+01	   7.1435686e-02	   4.0924800e-01	
   2.0666667e+01	   7.2588053e-03	   4.1126400e-01	
   2.0700000e+01	   2.5781195e-02	   4.1443200e-01	
   2.0733333e+01	   3.6895967e-02	   4.1817600e-01	
   2.0766667e+01	   2.6384555e-02	   4.2091200e-01	
   2.0800000e+01	   3.6515731e-02	   4.2206400e-01	
   2.0833333e+01	   1.5879567e-01	   4.2292800e-01	
   2.0866667e+01	   6.4276691e-02	   4.2307200e-01	
   2.0900000e+01	   1.2932019e-01	   4.2566400e-01	
   2.0933333e+01	   3.5767144e-02	   4.2566400e-01	
   2.0966667e+01	   5.1424709e-02	   4.2595200e-01	
   2.1000000e+01	   1.2877696e-01	   4.2638400e-01	
   2.1033333e+01	   7.0508355e-02	   4.2681600e-01	
   2.1066667e+01	   6.2641527e-02	   4.2552000e-01	
   2.1100000e+01	   1.8848855e-02	   4.2696000e-01	
   2.1133333e+01	   9.0289111e-02	   4.2681600e-01	
   2.1166667e+01	   4.0348507e-02	   4.2782400e-01	
   2.1200000e+01	   8.5446433e-02	   4.2883200e-01	
   2.1233333e+01	   1.2271577e-02	   4.2739200e-01	
   2.1266667e+01	   0.0000000e+00	   4.2796800e-01	
   2.1300000e+01	   8.1809502e-02	   4.2926400e-01	
   2.1333333e+01	   2.0284849e-02	   4.3027200e-01	
   2.1366667e+01	   5.9091630e-02	   4.3329600e-01	
   2.1400000e+01	   1.0874026e-01	   4.3185600e-01	
   2.1433333e+01	   3.0341746e-02	   4.3300800e-01	
   2.1466667e+01	   3.1373467e-02	   4.3171200e-01	
   2.1500000e+01	   7.0023295e-02	   4.3286400e-01	
   2.1533333e+01	   1.3988304e-02	   4.3358400e-01	
   2.1566667e+01	   4.3300615e-02	   4.3574400e-01	
   2.1600000e+01	   1.8199823e-02	   4.3617600e-01	
   2.1633333e+01	   1.3907376e-01	   4.3718400e-01	
   2.1666667e+01	   1.3569865e-02	   4.3704000e-01	
   2.1700000e+01	   6.5485417e-02	   4.3963200e-01	
   2.1733333e+01	   5.4236269e-02	   4.4092800e-01	
   2.1766667e+01	   5.9168751e-02	   4.4222400e-01	
   2.1800000e+01	   3.1644318e-02	   4.4380800e-01	
   2.1833333e+01	   3.8676931e-02	   4.4467200e-01	
   2.1866667e+01	   2.8261077e-01	   4.4596800e-01	
   2.1900000e+01	   1.7067071e-01	   4.4726400e-01	
   2.1933333e+01	   7.3004365e-02	   4.4740800e-01	
   2.1966667e+01	   3.9702006e-02	   4.4956800e-01	
   2.2000000e+01	   8.4404510e-02	   4.5273600e-01	
   2.2033333e+01	   4.6465942e-02	   4.5201600e-01	
   2.2066667e+01	   2.4981336e-03	   4.5331200e-01	
   2.2100000e+01	   1.0204916e-01	   4.5446400e-01	
   2.2133333e+01	   7.2429932e-02	   4.5532800e-01	
   2.2166667e+01	   3.1516202e-02	   4.5676800e-01	
   2.2200000e+01	   1.7445825e-01	   4.5777600e-01	
   2.2233333e+01	   5.3542748e-02	   4.5964800e-01	
   2.2266667e+01	   1.0924987e-01	   4.5979200e-01	
   2.2300000e+01	   1.6579529e-01	   4.6065600e-01	
   2.2333333e+01	   3.6328548e-02	   4.6108800e-01	
   2.2366667e+01	   8.2966057e-02	   4.6468800e-01	
   2.2400000e+01	   1.6739700e-01	   4.6396800e-01	
   2.2433333e+01	   8.0166465e-02	   4.6497600e-01	
   2.2466667e+01	   6.9596848e-02	   4.6584000e-01	
   2.2500000e+01	   7.3540855e-02	   4.6627200e-01	
   2.2533333e+01	   3.6219377e-02	   4.6641600e-01	
   2.2566667e+01	   4.2854407e-02	   4.6742400e-01	
   2.2600000e+01	   4.6662173e-02	   4.6872000e-01	
   2.2633333e+01	   2.1267990e-02	   4.6944000e-01	
   2.2666667e+01	   9.7925181e-02	   4.6872000e-01	
   2.2700000e+01	   5.3587475e-02	   4.6843200e-01	
   2.2733333e+01	   5.4681068e-02	   4.6828800e-01	
   2.2766667e+01	   4.6426845e-02	   4.6915200e-01	
   2.2800000e+01	   8.4259841e-02	   4.7044800e-01	
   2.2833333e+01	   1.9524166e-02	   4.7059200e-01	
   2.2866667e+01	   3.0499723e-02	   4.7059200e-01	
   2.2900000e+01	   3.4499103e-02	   4.7059200e-01	
   2.2933333e+01	   4.3214966e-02	   4.7232000e-01	
   2.2966667e+01	   6.8316950e-02	   4.7203200e-01	
   2.3000000e+01	   6.1966272e-03	   4.7275200e-01	
   2.3033333e+01	   7.8382071e-02	   4.7289600e-01	
   2.3066667e+01	   1.8955878e-02	   4.7548800e-01	
   2.3100000e+01	   1.0047461e-01	   4.7476800e-01	
   2.3133333e+01	   3.5831932e-02	   4.7476800e-01	
   2.3166667e+01	   1.0722768e-01	   4.7563200e-01	
   2.3200000e+01	   5.2865637e-02	   4.7664000e-01	
   2.3233333e+01	   5.4871282e-02	   4.7721600e-01	
   2.3266667e+01	   8.4844084e-02	   4.7937600e-01	
   2.3300000e+01	   1.7727271e-02	   4.7966400e-01	
   2.3333333e+01	   2.2370035e-02	   4.7923200e-01	
   2.3366667e+01	   4.0573205e-02	   4.8225600e-01	
   2.3400000e+01	   1.9922369e-02	   4.8240000e-01	
   2.3433333e+01	   2.3487310e-02	   4.8283200e-01	
   2.3466667e+01	   4.9988270e-02	   4.8283200e-01	
   2.3500000e+01	   4.5387443e-02	   4.8240000e-01	
   2.3533333e+01	   3.1615137e-02	   4.8441600e-01	
   2.3566667e+01	   7.0682258e-02	   4.8758400e-01	
   2.3600000e+01	   5.4794763e-02	   4.8729600e-01	
   2.3633333e+01	   5.8279733e-02	   4.8888000e-01	
   2.3666667e+01	   1.2880300e-02	   4.8960000e-01	
   2.3700000e+01	   7.2229932e-02	   4.9060800e-01	
   2.3733333e+01	   9.8188856e-02	   4.9089600e-01	
   2.3766667e+01	   4.0891002e-02	   4.9190400e-01	
   2.3800000e+01	   6.4338281e-02	   4.9233600e-01	
   2.3833333e+01	   5.0925547e-02	   4.9248000e-01	
   2.3866667e+01	   2.0744065e-02	   4.9435200e-01	
   2.3900000e+01	   2.0293621e-02	   4.9464000e-01	
   2.3933333e+01	   6.7984607e-02	   4.9622400e-01	
   2.3966667e+01	   3.4355310e-02	   4.9809600e-01	
   2.4000000e+01	   5.1918966e-02	   4.9737600e-01	
   2.4033333e+01	   6.8275453e-02	   4.9896000e-01	
   2.4066667e+01	   1.9138054e-02	   5.0126400e-01	
   2.4100000e+01	   3.6773686e-02	   5.0256000e-01	
   2.4133333e+01	   1.3302552e-01	   5.0472000e-01	
   2.4166667e+01	   7.6033251e-02	   5.0889600e-01	
   2.4200000e+01	   4.6714002e-02	   5.0932800e-01	
   2.4233333e+01	   1.0021896e-01	   5.1220800e-01	
   2.4266667e+01	   1.2868359e-02	   5.1552000e-01	
   2.4300000e+01	   2.4558402e-02	   5.1696000e-01	
   2.4333333e+01	   3.9217210e-02	   5.2099200e-01	
   2.4366667e+01	   1.0042101e-01	   5.2387200e-01	
   2.4400000e+01	   7.6657100e-02	   5.2560000e-01	
   2.4433333e+01	   5.8079328e-02	   5.2804800e-01	
   2.4466667e+01	   6.7006002e-03	   5.3280000e-01	
   2.4500000e+01	   8.0049298e-02	   5.3395200e-01	
   2.4533333e+01	   3.2066770e-02	   5.3582400e-01	
   2.4566667e+01	   5.6347469e-02	   5.3942400e-01	
   2.4600000e+01	   3.5426720e-02	   5.4230400e-01	
   2.4633333e+01	   1.0403465e-01	   5.4662400e-01	
   2.4666667e+01	   2.4515476e-02	   5.5166400e-01	
   2.4700000e+01	   6.2496196e-02	   5.5224000e-01	
   2.4733333e+01	   5.7484023e-02	   5.5598400e-01	
   2.4766667e+01	   5.1375454e-02	   5.6232000e-01	
   2.4800000e+01	   5.6272181e-02	   5.6347200e-01	
   2.4833333e+01	   9.3154313e-02	   5.6548800e-01	
   2.4866667e+01	   3.3599891e-02	   5.6764800e-01	
   2.4900000e+01	   6.3538742e-02	   5.6750400e-01	
   2.4933333e+01	   1.7867148e-02	   5.6995200e-01	
   2.4966667e+01	   4.6854039e-02	   5.7441600e-01	
   2.5000000e+01	   2.7123473e-02	   5.7571200e-01	
   2.5033333e+01	   1.4157046e-02	   5.7715200e-01	
   2.5066667e+01	   5.4442010e-02	   5.7902400e-01	
   2.5100000e+01	   7.5979212e-02	   5.8147200e-01	
   2.5133333e+01	   8.5324398e-02	   5.8320000e-01	
   2.5166667e+01	   6.7175475e-02	   5.8708800e-01	
   2.5200000e+01	   4.2022692e-02	   5.8752000e-01	
   2.5233333e+01	   5.9785105e-02	   5.8939200e-01	
   2.5266667e+01	   8.9702278e-02	   5.9299200e-01	
   2.5300000e+01	   2.3985284e-02	   5.9428800e-01	
   2.5333333e+01	   7.4796928e-02	   5.9702400e-01	
   2.5366667e+01	   1.2403173e-01	   6.0148800e-01	
   2.5400000e+01	   1.0445366e-01	   6.0206400e-01	
   2.5433333e+01	   8.2951235e-02	   6.0480000e-01	
   2.5466667e+01	   9.6245101e-02	   6.0998400e-01	
   2.5500000e+01	   6.7847541e-02	   6.1272000e-01	
   2.5533333e+01	   6.3271454e-02	   6.1516800e-01	
   2.5566667e+01	   8.4103654e-02	   6.1862400e-01	
   2.5600000e+01	   5.6593209e-02	   6.2049600e-01	
   2.5633333e+01	   1.3047222e-01	   6.2352000e-01	
   2.5666667e+01	   7.4986602e-02	   6.2899200e-01	
   2.5700000e+01	   1.1347926e-01	   6.3172800e-01	
   2.5733333e+01	   1.4832451e-01	   6.3648000e-01	
   2.5766667e+01	   1.7407246e-01	   6.4108800e-01	
   2.5800000e+01	   7.4980673e-02	   6.4267200e-01	
   2.5833333e+01	   1.1106614e-01	   6.4857600e-01	
   2.5866667e+01	   1.2240141e-01	   6.5318400e-01	
   2.5900000e+01	   1.9257733e-01	   6.5491200e-01	
   2.5933333e+01	   2.2109445e-01	   6.6081600e-01	
   2.5966667e+01	   1.9553004e-01	   6.6585600e-01	
   2.6000000e+01	   1.9263411e-01	   6.7248000e-01	
   2.6033333e+01	   1.9923401e-01	   6.7852800e-01	
   2.6066667e+01	   2.9856806e-01	   6.8299200e-01	
   2.6100000e+01	   2.1436296e-01	   6.8889600e-01	
   2.6133333e+01	   3.1382955e-01	   6.9652800e-01	
   2.6166667e+01	   2.7961619e-01	   7.0344000e-01	
   2.6200000e+01	   3.7244980e-01	   7.0920000e-01	
   2.6233333e+01	   3.5302272e-01	   7.1899200e-01	
   2.6266667e+01	   2.9489678e-01	   7.2792000e-01	
   2.6300000e+01	   4.2960547e-01	   7.3483200e-01	
   2.6333333e+01	   4.4981992e-01	   7.4750400e-01	
   2.6366667e+01	   4.9272476e-01	   7.6032000e-01	
   2.6400000e+01	   5.4713594e-01	   7.7112000e-01	
   2.6433333e+01	   5.7375389e-01	   7.8883200e-01	
   2.6466667e+01	   6.6590008e-01	   8.0726400e-01	
   2.6500000e+01	   6.0654221e-01	   8.2699200e-01	
   2.6533333e+01	   7.9458270e-01	   8.4974400e-01	
   2.6566667e+01	   8.2012845e-01	   8.7393600e-01	
   2.6600000e+01	   9.5230883e-01	   9.0273600e-01	
   2.6633333e+01	   9.7548594e-01	   9.3960000e-01	
   2.6666667e+01	   1.0690405e+00	   9.8251200e-01	
   2.6700000e+01	   1.2248341e+00	   1.0308960e+00	
   2.6733333e+01	   1.3106076e+00	   1.0863360e+00	
   2.6766667e+01	   1.3601141e+00	   1.1472480e+00	
   2.6800000e+01	   1.5720037e+00	   1.2188160e+00	
   2.6833333e+01	   1.5437971e+00	   1.2932640e+00	
   2.6866667e+01	   1.7302193e+00	   1.3736160e+00	
   2.6900000e+01	   1.8314319e+00	   1.4595840e+00	
   2.6933333e+01	   2.0154753e+00	   1.5549120e+00	
   2.6966667e+01	   2.0084883e+00	   1.6444800e+00	
   2.7000000e+01	   2.2325690e+00	   1.7393760e+00	
   2.7033333e+01	   2.1909283e+00	   1.7860320e+00	
   2.7066667e+01	   2.3425274e+00	   1.9016640e+00	
   2.7100000e+01	   2.3714919e+00	   2.0154240e+00	
   2.7133333e+01	   2.6064726e+00	   2.1330720e+00	
   2.7166667e+01	   2.4975388e+00	   2.2520160e+00	
   2.7200000e+01	   2.4957903e+00	   2.3574240e+00	
   2.7233333e+01	   2.5667113e+00	   2.4681600e+00	
   2.7266667e+01	   2.3181585e+00	   2.5606080e+00	
   2.7300000e+01	   2.3782434e+00	   2.6452800e+00	
   2.7333333e+01	   2.3212576e+00	   2.7311040e+00	
   2.7366667e+01	   2.3075889e+00	   2.8022400e+00	
   2.7400000e+01	   2.2091128e+00	   2.8658880e+00	
   2.7433333e+01	   2.4251715e+00	   2.9293920e+00	
   2.7466667e+01	   2.2571710e+00	   2.9622240e+00	
   2.7500000e+01	   2.2611696e+00	   3.0221280e+00	
   2.7533333e+01	   2.2425392e+00	   3.0591360e+00	
   2.7566667e+01	   2.1202599e+00	   3.0816000e+00	
   2.7600000e+01	   2.0226580e+00	   3.0811680e+00	
   2.7633333e+01	   1.8876080e+00	   3.0723840e+00	
   2.7666667e+01	   1.8311164e+00	   3.0582720e+00	
   2.7700000e+01	   1.7477397e+00	   3.0088800e+00	
   2.7733333e+01	   1.6796146e+00	   2.9659680e+00	
   2.7766667e+01	   1.6249808e+00	   2.9028960e+00	
   2.7800000e+01	   1.5412169e+00	   2.8215360e+00	
   2.7833333e+01	   1.5475587e+00	   2.7643680e+00	
   2.7866667e+01	   1.4571954e+00	   2.6817120e+00	
   2.7900000e+01	   1.3904336e+00	   2.5853760e+00	
   2.7933333e+01	   1.3998904e+00	   2.5015680e+00	
   2.7966667e+01	   1.1662413e+00	   2.4672960e+00	
   2.8000000e+01	   1.2835193e+00	   2.2870080e+00	
   2.8033333e+01	   1.2467341e+00	   2.1898080e+00	
   2.8066667e+01	   1.1082542e+00	   2.0946240e+00	
   2.8100000e+01	   1.2718740e+00	   1.9824480e+00	
   2.8133333e+01	   1.0603581e+00	   1.9123200e+00	
   2.8166667e+01	   1.0259626e+00	   1.8270720e+00	
   2.8200000e+01	   1.0018968e+00	   1.8074880e+00	
   2.8233333e+01	   1.0257785e+00	   1.7372160e+00	
   2.8266667e+01	   8.7594145e-01	   1.6679520e+00	
   2.8300000e+01	   1.0313396e+00	   1.6159680e+00	
   2.8333333e+01	   8.9972585e-01	   1.5819840e+00	
   2.8366667e+01	   9.4603559e-01	   9.6580800e-01	
   2.8400000e+01	   8.8605619e-01	   9.3772800e-01	
   2.8433333e+01	   8.0670090e-01	   9.1324800e-01	
   2.8466667e+01	   9.0244089e-01	   8.7998400e-01	
   2.8500000e+01	   7.1589743e-01	   8.7048000e-01	
   2.8533333e+01	   7.7596169e-01	   8.5392000e-01	
   2.8566667e+01	   8.2446921e-01	   8.3836800e-01	
   2.8600000e+01	   7.8288596e-01	   8.2641600e-01	
   2.8633333e+01	   8.2019210e-01	   8.1446400e-01	
   2.8666667e+01	   7.8863486e-01	   7.9920000e-01	
   2.8700000e+01	   6.8211405e-01	   7.8753600e-01	
   2.8733333e+01	   7.6783037e-01	   7.7659200e-01	
   2.8766667e+01	   7.0258883e-01	   7.6233600e-01	
   2.8800000e+01	   6.4444900e-01	   7.5283200e-01	
   2.8833333e+01	   7.2189256e-01	   7.4174400e-01	
   2.8866667e+01	   6.6197699e-01	   7.2964800e-01	
   2.8900000e+01	   6.8642347e-01	   7.1870400e-01	
   2.8933333e+01	   7.6689859e-01	   7.0603200e-01	
   2.8966667e+01	   5.9282173e-01	   6.9364800e-01	
   2.9000000e+01	   6.3892760e-01	   6.8140800e-01	
   2.9033333e+01	   6.1018475e-01	   6.7075200e-01	
   2.9066667e+01	   6.4296290e-01	   5.9025600e-01	
   2.9100000e+01	   5.6844792e-01	   6.4526400e-01	
   2.9133333e+01	   7.3806402e-01	   6.3619200e-01	
   2.9166667e+01	   5.1956775e-01	   6.2467200e-01	
   2.9200000e+01	   5.9980045e-01	   6.1459200e-01	
   2.9233333e+01	   5.9059387e-01	   6.0321600e-01	
   2.9266667e+01	   6.0515734e-01	   5.9529600e-01	
   2.9300000e+01	   5.2130787e-01	   5.8564800e-01	
   2.9333333e+01	   6.0352990e-01	   5.7787200e-01	
   2.9366667e+01	   6.0590071e-01	   5.6376000e-01	
   2.9400000e+01	   5.0948141e-01	   5.6044800e-01	
   2.9433333e+01	   6.8764309e-01	   5.4820800e-01	
   2.9466667e+01	   4.5999547e-01	   5.4201600e-01	
   2.9500000e+01	   4.2743621e-01	   5.3683200e-01	
   2.9533333e+01	   5.6943976e-01	   5.3193600e-01	
   2.9566667e+01	   5.0655313e-01	   5.2675200e-01	
   2.9600000e+01	   4.5019515e-01	   5.2214400e-01	
   2.9633333e+01	   4.4242292e-01	   5.1753600e-01	
   2.9666667e+01	   4.8780065e-01	   5.0875200e-01	
   2.9700000e+01	   4.6812338e-01	   5.0558400e-01	
   2.9733333e+01	   4.9661439e-01	   5.0284800e-01	
   2.9766667e+01	   4.8262933e-01	   5.0155200e-01	
   2.9800000e+01	   4.4626419e-01	   4.9939200e-01	
   2.9833333e+01	   4.4644987e-01	   4.9809600e-01	
   2.9866667e+01	   4.1369649e-01	   4.9348800e-01	
   2.9900000e+01	   4.5209539e-01	   4.9348800e-01	
   2.9933333e+01	   4.2993660e-01	   4.9075200e-01	
   2.9966667e+01	   4.0252144e-01	   4.8744000e-01	
   3.0000000e+01	   3.8963901e-01	   4.8715200e-01	
   3.0033333e+01	   4.5842032e-01	   4.8715200e-01	
   3.0066667e+01	   4.1275005e-01	   4.8643200e-01	
   3.0100000e+01	   4.3049061e-01	   4.8672000e-01	
   3.0133333e+01	   3.6063327e-01	   4.8384000e-01	
   3.0166667e+01	   3.4732566e-01	   4.8009600e-01	
   3.0200000e+01	   3.9263096e-01	   4.8398400e-01	
   3.0233333e+01	   3.3151640e-01	   4.8499200e-01	
   3.0266667e+01	   3.5985425e-01	   4.8240000e-01	
   3.0300000e+01	   3.4512425e-01	   4.8528000e-01	
   3.0333333e+01	   3.4943124e-01	   4.8873600e-01	
   3.0366667e+01	   3.7763508e-01	   4.8844800e-01	
   3.0400000e+01	   2.7294796e-01	   4.9075200e-01	
   3.0433333e+01	   3.0534839e-01	   4.9161600e-01	
   3.0466667e+01	   3.4205410e-01	   4.8960000e-01	
   3.0500000e+01	   2.6470664e-01	   4.9176000e-01	
   3.0533333e+01	   3.3405755e-01	   4.9449600e-01	
   3.0566667e+01	   3.5025337e-01	   4.9147200e-01	
   3.0600000e+01	   2.4090111e-01	   4.9492800e-01	
   3.0633333e+01	   3.3545776e-01	   4.9752000e-01	
   3.0666667e+01	   2.4949881e-01	   4.9910400e-01	
   3.0700000e+01	   2.5864098e-01	   5.0169600e-01	
   3.0733333e+01	   3.0686902e-01	   5.0270400e-01	
   3.0766667e+01	   2.6023145e-01	   5.0241600e-01	
   3.0800000e+01	   3.1800555e-01	   5.0515200e-01	
   3.0833333e+01	   2.8769036e-01	   5.0414400e-01	
   3.0866667e+01	   2.6174471e-01	   5.0616000e-01	
   3.0900000e+01	   2.0180417e-01	   5.0904000e-01	
   3.0933333e+01	   3.0763639e-01	   5.0904000e-01	
   3.0966667e+01	   1.7330424e-01	   5.0817600e-01	
   3.1000000e+01	   2.6880683e-01	   5.0932800e-01	
   3.1033333e+01	   2.5497161e-01	   5.1004800e-01	
   3.1066667e+01	   2.3154950e-01	   5.0860800e-01	
   3.1100000e+01	   2.3720157e-01	   5.0947200e-01	
   3.1133333e+01	   2.4895422e-01	   5.1206400e-01	
   3.1166667e+01	   2.1571616e-01	   5.0846400e-01	
   3.1200000e+01	   2.9507078e-01	   5.0961600e-01	
   3.1233333e+01	   2.2891364e-01	   5.1105600e-01	
   3.1266667e+01	   1.5993929e-01	   5.0990400e-01	
   3.1300000e+01	   2.1050948e-01	   5.0932800e-01	
   3.1333333e+01	   1.8317972e-01	   5.0860800e-01	
   3.1366667e+01	   2.1064714e-01	   5.0860800e-01	
   3.1400000e+01	   1.6260199e-01	   5.0947200e-01	
   3.1433333e+01	   1.3947454e-01	   5.0702400e-01	
   3.1466667e+01	   2.6239225e-01	   5.0745600e-01	
   3.1500000e+01	   1.7613956e-01	   5.0472000e-01	
   3.1533333e+01	   2.2176867e-01	   5.0616000e-01	
   3.1566667e+01	   1.4014006e-01	   5.0356800e-01	
   3.1600000e+01	   1.6532123e-01	   5.0414400e-01	
   3.1633333e+01	   1.3571361e-01	   5.0385600e-01	
   3.1666667e+01	   1.8710853e-01	   5.0112000e-01	
   3.1700000e+01	   1.7768373e-01	   5.0169600e-01	
   3.1733333e+01	   1.7389217e-01	   5.0198400e-01	
   3.1766667e+01	   1.2296263e-01	   5.0155200e-01	
   3.1800000e+01	   8.2034484e-02	   5.0155200e-01	
   3.1833333e+01	   1.7124632e-01	   5.0083200e-01	
   3.1866667e+01	   1.1117301e-01	   4.9867200e-01	
   3.1900000e+01	   7.2509891e-02	   4.9824000e-01	
   3.1933333e+01	   6.0743583e-02	   4.9708800e-01	
   3.1966667e+01	   2.3627697e-01	   4.9766400e-01	
   3.2000000e+01	   1.3139530e-01	   4.9838400e-01	
   3.2033333e+01	   0.0000000e+00	   4.9665600e-01	
   3.2066667e+01	   1.7500762e-01	   4.9564800e-01	
   3.2100000e+01	   7.1985679e-02	   4.9536000e-01	
   3.2133333e+01	   9.4953605e-02	   4.9579200e-01	
   3.2166667e+01	   2.3052702e-02	   4.9579200e-01	
   3.2200000e+01	   1.3705675e-01	   4.9492800e-01	
   3.2233333e+01	   1.1716111e-01	   4.9190400e-01	
   3.2266667e+01	   8.8770435e-02	   4.9204800e-01	
   3.2300000e+01	   4.6244730e-02	   4.9204800e-01	
   3.2333333e+01	   7.9814290e-02	   4.9118400e-01	
   3.2366667e+01	   3.5402984e-02	   4.9363200e-01	
   3.2400000e+01	   1.0042741e-01	   4.9291200e-01	
   3.2433333e+01	   0.0000000e+00	   4.9262400e-01	
   3.2466667e+01	   1.1370298e-01	   4.9348800e-01	
   3.2500000e+01	   2.4254166e-02	   4.9334400e-01	
   3.2533333e+01	   1.2471365e-01	   4.9449600e-01	
   3.2566667e+01	   1.3152555e-02	   4.9564800e-01	
   3.2600000e+01	   2.2790535e-02	   4.9651200e-01	
   3.2633333e+01	   5.9056841e-02	   4.9694400e-01	
   3.2666667e+01	   6.3055506e-02	   4.9780800e-01	
   3.2700000e+01	   8.2217092e-02	   4.9752000e-01	
   3.2733333e+01	   7.6096164e-02	   4.9924800e-01	
   3.2766667e+01	   2.4596203e-02	   5.0040000e-01	
   3.2800000e+01	   4.1366502e-02	   5.0068800e-01	
   3.2833333e+01	   8.6679801e-02	   5.0241600e-01	
   3.2866667e+01	   6.3132182e-02	   5.0400000e-01	
   3.2900000e+01	   2.3878493e-02	   5.0443200e-01	
   3.2933333e+01	   6.4582641e-02	   5.0544000e-01	
   3.2966667e+01	   4.0138501e-02	   5.0472000e-01	
   3.3000000e+01	   1.6127065e-03	   5.0486400e-01	
   3.3033333e+01	   3.9568760e-02	   5.0500800e-01	
   3.3066667e+01	   1.2297984e-02	   5.0760000e-01	
   3.3100000e+01	   2.2415013e-02	   5.0803200e-01	
   3.3133333e+01	   2.0995760e-02	   5.0745600e-01	
   3.3166667e+01	   1.2515149e-02	   5.0788800e-01	
   3.3200000e+01	   1.4773054e-02	   5.0860800e-01	
   3.3233333e+01	   3.6882490e-02	   5.0817600e-01	
   3.3266667e+01	   2.4912113e-02	   5.0860800e-01	
   3.3300000e+01	   4.5333319e-02	   5.0745600e-01	
   3.3333333e+01	   4.1481668e-02	   5.0788800e-01	
   3.3366667e+01	   3.1220665e-02	   5.0817600e-01	
   3.3400000e+01	   4.4447965e-02	   5.0846400e-01	
   3.3433333e+01	   4.1105566e-02	   5.0702400e-01	
   3.3466667e+01	   3.7295408e-02	   5.0745600e-01	
   3.3500000e+01	   2.0476590e-02	   5.0644800e-01	
   3.3533333e+01	   3.8831437e-02	   5.0760000e-01	
   3.3566667e+01	   4.8071173e-02	   5.0702400e-01	
   3.3600000e+01	   4.3690321e-02	   5.0817600e-01	
   3.3633333e+01	   5.7293803e-02	   5.0817600e-01	
   3.3666667e+01	   1.8170487e-02	   5.0817600e-01	
   3.3700000e+01	   5.2126105e-02	   5.0904000e-01	
   3.3733333e+01	   7.8098948e-02	   5.0788800e-01	
   3.3766667e+01	   7.8561820e-02	   5.0889600e-01	
   3.3800000e+01	   8.0967203e-02	   5.0860800e-01	
   3.3833333e+01	   1.9453471e-02	   5.0760000e-01	
   3.3866667e+01	   3.8763008e-02	   5.0803200e-01	
   3.3900000e+01	   1.2241956e-02	   5.0889600e-01	
   3.3933333e+01	   3.8847836e-02	   5.0760000e-01	
   3.3966667e+01	   8.6800986e-02	   5.0688000e-01	
   3.4000000e+01	   9.0647248e-02	   5.0529600e-01	
   3.4033333e+01	   7.1268181e-02	   5.0544000e-01	
   3.4066667e+01	   5.9339857e-02	   5.0918400e-01	
   3.4100000e+01	   5.2040700e-02	   5.0976000e-01	
   3.4133333e+01	   4.8137280e-02	   5.1004800e-01	
   3.4166667e+01	   3.5288858e-02	   5.0990400e-01	
   3.4200000e+01	   3.1677955e-02	   5.1033600e-01	
   3.4233333e+01	   4.5858172e-03	   5.0904000e-01	
   3.4266667e+01	   4.2273081e-02	   5.0889600e-01	
   3.4300000e+01	   2.0353167e-02	   5.0832000e-01	
   3.4333333e+01	   3.5505274e-02	   5.0817600e-01	
   3.4366667e+01	   2.0731950e-02	   5.1048000e-01	
   3.4400000e+01	   2.2324424e-02	   5.1076800e-01	
   3.4433333e+01	   3.8778804e-02	   5.1177600e-01	
   3.4466667e+01	   4.0188748e-02	   5.1451200e-01	
   3.4500000e+01	   2.4964829e-02	   5.1408000e-01	
   3.4533333e+01	   1.2403619e-02	   5.1494400e-01	
   3.4566667e+01	   1.2442373e-01	   5.1638400e-01	
   3.4600000e+01	   2.6191308e-02	   5.1667200e-01	
   3.4633333e+01	   6.4862324e-02	   5.1840000e-01	
   3.4666667e+01	   7.4138351e-02	   5.1955200e-01	
   3.4700000e+01	   1.7067221e-02	   5.2099200e-01	
   3.4733333e+01	   6.6876456e-02	   5.2200000e-01	
   3.4766667e+01	   6.4189457e-03	   5.2344000e-01	
   3.4800000e+01	   7.0645230e-02	   5.2344000e-01	
   3.4833333e+01	   5.9388395e-02	   5.2531200e-01	
   3.4866667e+01	   8.7906348e-02	   5.2804800e-01	
   3.4900000e+01	   1.2628867e-02	   5.2848000e-01	
   3.4933333e+01	   8.0793719e-02	   5.2790400e-01	
   3.4966667e+01	   1.3716761e-02	   5.2977600e-01	
   3.5000000e+01	   1.9532578e-02	   5.2848000e-01	
   3.5033333e+01	   3.7040551e-02	   5.2761600e-01	
   3.5066667e+01	   7.4867074e-02	   5.2963200e-01	
   3.5100000e+01	   2.7251443e-02	   5.2963200e-01	
   3.5133333e+01	   1.4274698e-02	   5.2876800e-01	
   3.5166667e+01	   3.3341970e-02	   5.3020800e-01	
   3.5200000e+01	   1.2194951e-02	   5.3020800e-01	
   3.5233333e+01	   5.8567577e-02	   5.3020800e-01	
   3.5266667e+01	   2.7796533e-02	   5.2920000e-01	
   3.5300000e+01	   1.1544422e-01	   5.2963200e-01	
   3.5333333e+01	   4.5158525e-02	   5.2776000e-01	
   3.5366667e+01	   4.4424771e-02	   5.2790400e-01	
   3.5400000e+01	   4.4440467e-02	   5.2675200e-01	
   3.5433333e+01	   1.9747621e-02	   5.2660800e-01	
   3.5466667e+01	   1.1423981e-01	   5.2344000e-01	
   3.5500000e+01	   5.8225352e-02	   5.2401600e-01	
   3.5533333e+01	   5.7356361e-02	   5.2344000e-01	
   3.5566667e+01	   5.5865256e-02	   5.2459200e-01	
   3.5600000e+01	   2.8222055e-02	   5.2459200e-01	
   3.5633333e+01	   4.9728931e-02	   5.2372800e-01	
   3.5666667e+01	   8.5866094e-02	   5.2329600e-01	
   3.5700000e+01	   5.4608853e-02	   5.2372800e-01	
   3.5733333e+01	   2.9136257e-02	   5.2185600e-01	
   3.5766667e+01	   3.3386547e-02	   5.2228800e-01	
   3.5800000e+01	   3.5481201e-02	   5.2257600e-01	
   3.5833333e+01	   4.5650377e-02	   5.2156800e-01	
   3.5866667e+01	   3.5064183e-02	   5.2300800e-01	
   3.5900000e+01	   7.6596803e-02	   5.2243200e-01	
   3.5933333e+01	   8.9338970e-02	   5.2243200e-01	
   3.5966667e+01	   2.7619097e-02	   5.2214400e-01	
   3.6000000e+01	   3.9697718e-02	   5.2128000e-01	
   3.6033333e+01	   6.0962071e-02	   5.2200000e-01	
   3.6066667e+01	   2.2474099e-02	   5.2257600e-01	
   3.6100000e+01	   6.8111797e-02	   5.2185600e-01	
   3.6133333e+01	   5.7500611e-02	   5.2171200e-01	
   3.6166667e+01	   5.1554176e-02	   5.2257600e-01	
   3.6200000e+01	   2.3474689e-02	   5.2243200e-01	
   3.6233333e+01	   1.3329057e-02	   5.2156800e-01	
   3.6266667e+01	   4.5372140e-02	   5.2401600e-01	
   3.6300000e+01	   4.3633275e-02	   5.2358400e-01	
   3.6333333e+01	   3.0134448e-02	   5.2358400e-01	
   3.6366667e+01	   3.6183647e-02	   5.2344000e-01	
   3.6400000e+01	   4.0634306e-02	   5.2200000e-01	
   3.6433333e+01	   2.2033861e-02	   5.2300800e-01	
   3.6466667e+01	   5.9990851e-02	   5.2200000e-01	
   3.6500000e+01	   3.4721167e-02	   5.2185600e-01	
   3.6533333e+01	   2.6694781e-02	   5.2156800e-01	
   3.6566667e+01	   8.3125033e-02	   5.2358400e-01	
   3.6600000e+01	   8.1528864e-02	   5.2358400e-01	
   3.6633333e+01	   2.6103663e-02	   5.2358400e-01	
   3.6666667e+01	   4.7646986e-02	   5.2473600e-01	
   3.6700000e+01	   4.2727248e-02	   5.2473600e-01	
   3.6733333e+01	   5.7556851e-02	   5.2473600e-01	
   3.6766667e+01	   3.2509554e-02	   5.2689600e-01	
   3.6800000e+01	   3.9506205e-02	   5.2632000e-01	
   3.6833333e+01	   7.1069546e-02	   5.2675200e-01	
   3.6866667e+01	   3.8496903e-02	   5.2790400e-01	
   3.6900000e+01	   3.6239694e-02	   5.2891200e-01	
   3.6933333e+01	   1.3341599e-02	   5.2833600e-01	
   3.6966667e+01	   6.8684793e-02	   5.2992000e-01	
   3.7000000e+01	   7.0861176e-02	   5.3092800e-01	
   3.7033333e+01	   4.4780413e-02	   5.3179200e-01	
   3.7066667e+01	   3.4679882e-02	   5.3409600e-01	
   3.7100000e+01	   4.3099952e-02	   5.3438400e-01	
   3.7133333e+01	   5.1672399e-02	   5.3524800e-01	
   3.7166667e+01	   4.9205596e-02	   5.3539200e-01	
   3.7200000e+01	   7.0249184e-02	   5.3625600e-01	
   3.7233333e+01	   2.0125050e-02	   5.3640000e-01	
   3.7266667e+01	   1.0626813e-01	   5.3971200e-01	
   3.7300000e+01	   7.6520959e-02	   5.3827200e-01	
   3.7333333e+01	   3.6396333e-02	   5.4144000e-01	
   3.7366667e+01	   3.3542588e-02	   5.4129600e-01	
   3.7400000e+01	   2.3195489e-02	   5.4129600e-01	
   3.7433333e+01	   3.1638818e-02	   5.4086400e-01	
   3.7466667e+01	   2.4622173e-02	   5.4072000e-01	
   3.7500000e+01	   4.4700931e-02	   5.4172800e-01	
   3.7533333e+01	   8.4212416e-02	   5.4288000e-01	
   3.7566667e+01	   1.1109795e-02	   5.4360000e-01	
   3.7600000e+01	   1.2539813e-02	   5.4403200e-01	
   3.7633333e+01	   1.2378943e-02	   5.4230400e-01	
   3.7666667e+01	   8.4305955e-02	   5.4273600e-01	
   3.7700000e+01	   6.4052585e-02	   5.4403200e-01	
   3.7733333e+01	   3.7220901e-02	   5.4417600e-01	
   3.7766667e+01	   4.9819957e-02	   5.4590400e-01	
   3.7800000e+01	   1.6874613e-02	   5.4590400e-01	
   3.7833333e+01	   5.8754381e-02	   5.4576000e-01	
   3.7866667e+01	   4.6518480e-02	   5.4691200e-01	
   3.7900000e+01	   2.3780833e-02	   5.4691200e-01	
   3.7933333e+01	   4.2989797e-03	   5.4763200e-01	
   3.7966667e+01	   8.5333889e-02	   5.4849600e-01	
   3.8000000e+01	   4.7842637e-02	   5.4936000e-01	
   3.8033333e+01	   4.7386778e-03	   5.5008000e-01	
   3.8066667e+01	   2.9440883e-02	   5.5065600e-01	
   3.8100000e+01	   3.4989454e-02	   5.5166400e-01	
   3.8133333e+01	   2.9870965e-02	   5.5166400e-01	
   3.8166667e+01	   3.7298800e-02	   5.5310400e-01	
   3.8200000e+01	   2.3310216e-02	   5.5368000e-01	
   3.8233333e+01	   2.9064345e-02	   5.5425600e-01	
   3.8266667e+01	   8.8834998e-02	   5.5555200e-01	
   3.8300000e+01	   1.6866121e-01	   5.5555200e-01	
   3.8333333e+01	   5.3907548e-02	   5.5612800e-01	
   3.8366667e+01	   7.5116572e-02	   5.5828800e-01	
   3.8400000e+01	   3.2168338e-02	   5.5785600e-01	
   3.8433333e+01	   1.2663676e-01	   5.5828800e-01	
   3.8466667e+01	   6.8472402e-02	   5.5670400e-01	
   3.8500000e+01	   2.8351723e-02	   5.5598400e-01	
   3.8533333e+01	   5.5483458e-02	   5.5656000e-01	
   3.8566667e+01	   6.3490509e-02	   5.5742400e-01	
   3.8600000e+01	   1.1794280e-01	   5.5886400e-01	
   3.8633333e+01	   2.4180016e-02	   5.5785600e-01	
   3.8666667e+01	   9.8058996e-02	   5.5800000e-01	
   3.8700000e+01	   8.3164422e-02	   5.5857600e-01	
   3.8733333e+01	   5.8654412e-02	   5.5699200e-01	
   3.8766667e+01	   6.8001297e-02	   5.5742400e-01	
   3.8800000e+01	   0.0000000e+00	   5.5771200e-01	
   3.8833333e+01	   4.6966432e-02	   5.5756800e-01	
   3.8866667e+01	   2.6097947e-02	   5.5555200e-01	
   3.8900000e+01	   1.2999103e-02	   5.5512000e-01	
   3.8933333e+01	   6.1048407e-03	   5.5281600e-01	
   3.8966667e+01	   5.7588819e-02	   5.4864000e-01	
   3.9000000e+01	   1.8683569e-02	   5.4777600e-01	
   3.9033333e+01	   1.0378377e-01	   5.4792000e-01	
   3.9066667e+01	   9.6302503e-02	   5.4662400e-01	
   3.9100000e+01	   5.2035171e-02	   5.4561600e-01	
   3.9133333e+01	   1.8114949e-01	   5.4403200e-01	
   3.9166667e+01	   5.3572406e-02	   5.4489600e-01	
   3.9200000e+01	   2.0790612e-01	   5.4331200e-01	
   3.9233333e+01	   2.4623073e-01	   5.4316800e-01	
   3.9266667e+01	   1.7284142e-02	   5.4230400e-01	
   3.9300000e+01	   5.1098320e-02	   5.4230400e-01	
   3.9333333e+01	   6.9663492e-02	   5.4100800e-01	
   3.9366667e+01	   1.4795105e-01	   5.4100800e-01	
   3.9400000e+01	   7.4742739e-02	   5.4115200e-01	
   3.9433333e+01	   7.4887518e-02	   5.4086400e-01	
   3.9466667e+01	   2.1977699e-02	   5.3841600e-01	
   3.9500000e+01	   1.3291919e-02	   5.3856000e-01	
   3.9533333e+01	   2.2935860e-02	   5.3856000e-01	
   3.9566667e+01	   3.0341236e-02	   5.3971200e-01	
   3.9600000e+01	   2.6172883e-02	   5.3928000e-01	
   3.9633333e+01	   7.4385913e-02	   5.3812800e-01	
   3.9666667e+01	   3.6111671e-02	   5.3712000e-01	
   3.9700000e+01	   6.4961468e-02	   5.3870400e-01	
   3.9733333e+01	   4.4212001e-02	   5.3769600e-01	
   3.9766667e+01	   7.7368853e-02	   5.3856000e-01	
   3.9800000e+01	   4.1267925e-02	   5.3784000e-01	
   3.9833333e+01	   1.3635658e-02	   5.3740800e-01	
   3.9866667e+01	   6.4729756e-02	   5.3812800e-01	
   3.9900000e+01	   5.8074009e-02	   5.3769600e-01	
   3.9933333e+01	   6.8782229e-02	   5.3697600e-01	
   3.9966667e+01	   1.6903649e-02	   5.3668800e-01	
   4.0000000e+01	   2.4912855e-02	   5.3611200e-01	
   4.0033333e+01	   4.0529645e-02	   5.3654400e-01	
   4.0066667e+01	   2.8351075e-02	   5.3568000e-01	
   4.0100000e+01	   3.3064705e-02	   5.3510400e-01	
   4.0133333e+01	   3.3291069e-02	   5.3352000e-01	
   4.0166667e+01	   1.3930149e-02	   5.3438400e-01	
   4.0200000e+01	   3.6546426e-02	   5.3510400e-01	
   4.0233333e+01	   6.1115990e-02	   5.3337600e-01	
   4.0266667e+01	   6.2455011e-02	   5.3380800e-01	
   4.0300000e+01	   4.5842531e-02	   5.3150400e-01	
   4.0333333e+01	   7.6049998e-02	   5.3265600e-01	
   4.0366667e+01	   5.8956806e-02	   5.3553600e-01	
   4.0400000e+01	   5.5030215e-02	   5.3409600e-01	
   4.0433333e+01	   2.2521357e-02	   5.3539200e-01	
   4.0466667e+01	   4.1064526e-02	   5.3726400e-01	
   4.0500000e+01	   4.9566506e-02	   5.3712000e-01	
   4.0533333e+01	   6.9952779e-02	   5.3769600e-01	
   4.0566667e+01	   4.1992675e-02	   5.3956800e-01	
   4.0600000e+01	   3.5846017e-02	   5.4000000e-01	
   4.0633333e+01	   4.2063827e-02	   5.4244800e-01	
   4.0666667e+01	   8.5506546e-02	   5.4403200e-01	
   4.0700000e+01	   5.2544711e-02	   5.4460800e-01	
   4.0733333e+01	   0.0000000e+00	   5.4691200e-01	
   4.0766667e+01	   1.2731710e-02	   5.4806400e-01	
   4.0800000e+01	   5.2173320e-02	   5.5065600e-01	
   4.0833333e+01	   3.9292499e-02	   5.5195200e-01	
   4.0866667e+01	   3.9292499e-02	   5.5324800e-01	
   4.0900000e+01	   6.5970299e-02	   5.5411200e-01	
   4.0933333e+01	   6.5372984e-02	   5.5353600e-01	
   4.0966667e+01	   2.7296481e-02	   5.5396800e-01	
   4.1000000e+01	   4.9509184e-02	   5.5440000e-01	
   4.1033333e+01	   5.0608648e-02	   5.5440000e-01	
   4.1066667e+01	   2.4725658e-02	   5.5569600e-01	
   4.1100000e+01	   6.9504994e-03	   5.5555200e-01	
   4.1133333e+01	   3.7886624e-02	   5.5440000e-01	
   4.1166667e+01	   3.3419844e-02	   5.5540800e-01	
   4.1200000e+01	   6.1482280e-02	   5.5569600e-01	
   4.1233333e+01	   7.8607889e-02	   5.5483200e-01	
   4.1266667e+01	   2.6613962e-02	   5.5612800e-01	
   4.1300000e+01	   3.8819954e-02	   5.5627200e-01	
   4.1333333e+01	   1.7072065e-02	   5.5569600e-01	
   4.1366667e+01	   1.5263285e-02	   5.5540800e-01	
   4.1400000e+01	   1.0328969e-02	   5.5555200e-01	
   4.1433333e+01	   8.7245675e-03	   5.5166400e-01	
   4.1466667e+01	   4.0441742e-02	   5.5051200e-01	
   4.1500000e+01	   5.5517799e-02	   5.4950400e-01	
   4.1533333e+01	   2.5326003e-02	   5.4878400e-01	
   4.1566667e+01	   2.4780392e-02	   5.4907200e-01	
   4.1600000e+01	   1.3026221e-02	   5.4878400e-01	
   4.1633333e+01	   4.4413068e-02	   5.4734400e-01	
   4.1666667e+01	   5.2892302e-02	   5.4792000e-01	
   4.1700000e+01	   1.2456834e-02	   5.4777600e-01	
   4.1733333e+01	   4.2113409e-02	   5.4633600e-01	
   4.1766667e+01	   5.4780660e-02	   5.4748800e-01	
   4.1800000e+01	   4.3278023e-02	   5.4604800e-01	
   4.1833333e+01	   3.8521930e-02	   5.4475200e-01	
   4.1866667e+01	   3.9948437e-02	   5.4446400e-01	
   4.1900000e+01	   4.3438854e-02	   5.4432000e-01	
   4.1933333e+01	   5.3567335e-02	   5.4403200e-01	
   4.1966667e+01	   5.0114956e-02	   5.4374400e-01	
   4.2000000e+01	   1.7500855e-02	   5.4360000e-01	
   4.2033333e+01	   3.9807759e-02	   5.4360000e-01	
   4.2066667e+01	   5.9963185e-02	   5.4331200e-01	
   4.2100000e+01	   2.5759868e-02	   5.4273600e-01	
   4.2133333e+01	   7.0563521e-02	   5.4201600e-01	
   4.2166667e+01	   9.8984554e-02	   5.4302400e-01	
   4.2200000e+01	   2.3304973e-02	   5.4360000e-01	
   4.2233333e+01	   1.5943054e-02	   5.4144000e-01	
   4.2266667e+01	   5.5276272e-02	   5.4230400e-01	
   4.2300000e+01	   1.2539672e-02	   5.4230400e-01	
   4.2333333e+01	   9.4736878e-02	   5.4129600e-01	
   4.2366667e+01	   3.5191194e-02	   5.4043200e-01	
   4.2400000e+01	   3.5201793e-02	   5.4057600e-01	
   4.2433333e+01	   3.7716248e-02	   5.4028800e-01	
   4.2466667e+01	   2.7339029e-02	   5.3870400e-01	
   4.2500000e+01	   5.4070865e-02	   5.3884800e-01	
   4.2533333e+01	   1.3064101e-02	   5.3784000e-01	
   4.2566667e+01	   4.7664449e-02	   5.3755200e-01	
   4.2600000e+01	   3.3234247e-02	   5.3827200e-01	
   4.2633333e+01	   5.8656074e-02	   5.3712000e-01	
   4.2666667e+01	   1.3256545e-02	   5.3596800e-01	
   4.2700000e+01	   8.5032052e-02	   5.3668800e-01	
   4.2733333e+01	   4.2253916e-02	   5.3596800e-01	
   4.2766667e+01	   2.4553759e-02	   5.3596800e-01	
   4.2800000e+01	   5.0386520e-02	   5.3697600e-01	
   4.2833333e+01	   9.3799303e-02	   5.3697600e-01	
   4.2866667e+01	   5.0652007e-02	   5.3971200e-01	
   4.2900000e+01	   8.2760979e-02	   5.4115200e-01	
   4.2933333e+01	   6.1950979e-02	   5.3971200e-01	
   4.2966667e+01	   2.9754852e-02	   5.3971200e-01	
   4.3000000e+01	   9.2653424e-02	   5.3928000e-01	
   4.3033333e+01	   8.0132448e-02	   5.4043200e-01	
   4.3066667e+01	   7.0797004e-02	   5.4100800e-01	
   4.3100000e+01	   5.0950060e-02	   5.4129600e-01	
   4.3133333e+01	   1.1156706e-01	   5.4201600e-01	
   4.3166667e+01	   6.1263093e-02	   5.4201600e-01	
   4.3200000e+01	   3.8409333e-02	   5.4288000e-01	
   4.3233333e+01	   8.4784107e-02	   5.4158400e-01	
   4.3266667e+01	   4.6419701e-02	   5.4230400e-01	
   4.3300000e+01	   5.6613950e-02	   5.4360000e-01	
   4.3333333e+01	   1.5177059e-01	   5.4230400e-01	
   4.3366667e+01	   1.6970510e-02	   5.4288000e-01	
   4.3400000e+01	   8.5460629e-02	   5.4259200e-01	
   4.3433333e+01	   5.4442656e-02	   5.4158400e-01	
   4.3466667e+01	   1.2677519e-01	   5.4216000e-01	
   4.3500000e+01	   3.1921016e-02	   5.4187200e-01	
   4.3533333e+01	   6.7891156e-02	   5.4216000e-01	
   4.3566667e+01	   1.6998217e-02	   5.4230400e-01	
   4.3600000e+01	   2.7930567e-02	   5.4216000e-01	
   4.3633333e+01	   1.1237195e-01	   5.4230400e-01	
   4.3666667e+01	   1.7330206e-02	   5.4259200e-01	
   4.3700000e+01	   7.1244720e-02	   5.4316800e-01	
   4.3733333e+01	   4.3167963e-02	   5.4316800e-01	
   4.3766667e+01	   1.0700573e-01	   5.4648000e-01	
   4.3800000e+01	   2.3247877e-02	   5.4705600e-01	
   4.3833333e+01	   4.1526341e-02	   5.4835200e-01	
   4.3866667e+01	   3.3076443e-02	   5.4964800e-01	
   4.3900000e+01	   4.6172373e-02	   5.5036800e-01	
   4.3933333e+01	   7.8548670e-02	   5.5152000e-01	
   4.3966667e+01	   6.9793827e-02	   5.5065600e-01	
   4.4000000e+01	   1.2947203e-02	   5.5310400e-01	
   4.4033333e+01	   6.1742267e-02	   5.5296000e-01	
   4.4066667e+01	   5.8957436e-02	   5.5627200e-01	
   4.4100000e+01	   3.7420913e-02	   5.5670400e-01	
   4.4133333e+01	   7.6149601e-02	   5.5756800e-01	
   4.4166667e+01	   5.4193252e-02	   5.6102400e-01	
   4.4200000e+01	   6.4928304e-02	   5.6073600e-01	
   4.4233333e+01	   8.0727853e-02	   5.6188800e-01	
   4.4266667e+01	   6.5795977e-02	   5.6476800e-01	
   4.4300000e+01	   2.7817488e-02	   5.6520000e-01	
   4.4333333e+01	   3.5726368e-02	   5.6606400e-01	
   4.4366667e+01	   4.8493233e-02	   5.6952000e-01	
   4.4400000e+01	   7.3531635e-02	   5.6880000e-01	
   4.4433333e+01	   3.7998225e-02	   5.6908800e-01	
   4.4466667e+01	   1.2162159e-01	   5.6750400e-01	
   4.4500000e+01	   2.9686214e-02	   5.6851200e-01	
   4.4533333e+01	   2.2158115e-02	   5.6894400e-01	
   4.4566667e+01	   2.0844601e-03	   5.7024000e-01	
   4.4600000e+01	   4.9921692e-02	   5.7024000e-01	
   4.4633333e+01	   8.0428468e-02	   5.7081600e-01	
   4.4666667e+01	   6.0263509e-02	   5.7096000e-01	
   4.4700000e+01	   6.5054438e-02	   5.7124800e-01	
   4.4733333e+01	   6.9867947e-02	   5.7081600e-01	
   4.4766667e+01	   3.8037828e-02	   5.7211200e-01	
   4.4800000e+01	   6.5153969e-02	   5.7168000e-01	
   4.4833333e+01	   5.1379128e-02	   5.7283200e-01	
   4.4866667e+01	   1.9831407e-02	   5.7484800e-01	
   4.4900000e+01	   4.1639543e-02	   5.7456000e-01	
   4.4933333e+01	   4.9053636e-02	   5.7499200e-01	
   4.4966667e+01	   9.1771959e-02	   5.7844800e-01	
   4.5000000e+01	   2.3561924e-02	   5.7801600e-01	
   4.5033333e+01	   5.3773502e-02	   5.7916800e-01	
   4.5066667e+01	   5.8806127e-02	   5.8104000e-01	
   4.5100000e+01	   9.1083887e-02	   5.8190400e-01	
   4.5133333e+01	   3.6754485e-02	   5.8118400e-01	
   4.5166667e+01	   8.5539092e-02	   5.8320000e-01	
   4.5200000e+01	   3.7856496e-02	   5.8420800e-01	
   4.5233333e+01	   4.3372001e-02	   5.8377600e-01	
   4.5266667e+01	   6.3652228e-02	   5.8636800e-01	
   4.5300000e+01	   0.0000000e+00	   5.8708800e-01	
   4.5333333e+01	   6.7752497e-02	   5.8622400e-01	
   4.5366667e+01	   4.6672365e-02	   5.8824000e-01	
   4.5400000e+01	   1.1562493e-01	   5.8867200e-01	
   4.5433333e+01	   1.1360848e-02	   5.8780800e-01	
   4.5466667e+01	   5.5979342e-02	   5.8881600e-01	
   4.5500000e+01	   3.0320739e-02	   5.8996800e-01	
   4.5533333e+01	   4.8836860e-02	   5.8982400e-01	
   4.5566667e+01	   9.9839426e-02	   5.9068800e-01	
   4.5600000e+01	   1.2175810e-01	   5.9126400e-01	
   4.5633333e+01	   6.5563088e-02	   5.9083200e-01	
   4.5666667e+01	   1.2817669e-01	   5.9112000e-01	
   4.5700000e+01	   3.3623044e-02	   5.9068800e-01	
   4.5733333e+01	   4.7234774e-02	   5.9284800e-01	
   4.5766667e+01	   3.8259343e-02	   5.9385600e-01	
   4.5800000e+01	   4.5023134e-02	   5.9457600e-01	
   4.5833333e+01	   2.4853196e-02	   5.9443200e-01	
   4.5866667e+01	   5.7315258e-02	   5.9702400e-01	
   4.5900000e+01	   6.2258675e-02	   5.9688000e-01	
   4.5933333e+01	   2.5783348e-02	   5.9688000e-01	
   4.5966667e+01	   4.1397588e-02	   5.9745600e-01	
   4.6000000e+01	   5.6076456e-02	   5.9673600e-01	
   4.6033333e+01	   3.8166629e-02	   5.9760000e-01	
   4.6066667e+01	   2.3812163e-02	   5.9616000e-01	
   4.6100000e+01	   7.2731829e-02	   5.9616000e-01	
   4.6133333e+01	   2.3740106e-02	   5.9500800e-01	
   4.6166667e+01	   9.1119715e-02	   5.9515200e-01	
   4.6200000e+01	   1.8595191e-02	   5.9572800e-01	
   4.6233333e+01	   1.1393054e-01	   5.9428800e-01	
   4.6266667e+01	   3.1877057e-02	   5.9328000e-01	
   4.6300000e+01	   9.1540981e-02	   5.9356800e-01	
   4.6333333e+01	   4.2410420e-02	   5.9054400e-01	
   4.6366667e+01	   1.1655108e-01	   5.9212800e-01	
   4.6400000e+01	   5.5654019e-02	   5.9270400e-01	
   4.6433333e+01	   6.3173077e-02	   5.9097600e-01	
   4.6466667e+01	   2.3069714e-02	   5.9212800e-01	
   4.6500000e+01	   6.6726830e-02	   5.9371200e-01	
   4.6533333e+01	   5.7583589e-02	   5.9299200e-01	
   4.6566667e+01	   8.2170037e-02	   5.9472000e-01	
   4.6600000e+01	   7.1411205e-03	   5.9572800e-01	
   4.6633333e+01	   1.2930740e-01	   5.9860800e-01	
   4.6666667e+01	   3.5568937e-02	   6.0148800e-01	
   4.6700000e+01	   2.2762239e-02	   6.0177600e-01	
   4.6733333e+01	   5.8535575e-02	   6.0379200e-01	
   4.6766667e+01	   3.2726203e-02	   6.0825600e-01	
   4.6800000e+01	   3.4449318e-02	   6.0998400e-01	
   4.6833333e+01	   9.2189441e-02	   6.1228800e-01	
   4.6866667e+01	   4.5949720e-02	   6.1732800e-01	
   4.6900000e+01	   5.0181990e-02	   6.1761600e-01	
   4.6933333e+01	   1.8004995e-02	   6.2064000e-01	
   4.6966667e+01	   6.4014534e-02	   6.2654400e-01	
   4.7000000e+01	   6.2246194e-02	   6.2899200e-01	
   4.7033333e+01	   1.1472103e-01	   6.3100800e-01	
   4.7066667e+01	   8.7135563e-02	   6.3460800e-01	
   4.7100000e+01	   7.1188174e-02	   6.3806400e-01	
   4.7133333e+01	   6.0684835e-02	   6.4036800e-01	
   4.7166667e+01	   9.2349310e-02	   6.4512000e-01	
   4.7200000e+01	   7.5850233e-02	   6.4771200e-01	
   4.7233333e+01	   1.1305573e-01	   6.5160000e-01	
   4.7266667e+01	   1.6359206e-01	   6.5750400e-01	
   4.7300000e+01	   1.2814625e-01	   6.5995200e-01	
   4.7333333e+01	   1.3551027e-01	   6.6700800e-01	
   4.7366667e+01	   1.8990144e-01	   6.7392000e-01	
   4.7400000e+01	   1.3200006e-01	   6.7622400e-01	
   4.7433333e+01	   2.3282746e-01	   6.8472000e-01	
   4.7466667e+01	   3.0997786e-01	   6.9422400e-01	
   4.7500000e+01	   2.5393455e-01	   7.0099200e-01	
   4.7533333e+01	   3.0098582e-01	   7.1136000e-01	
   4.7566667e+01	   4.5794835e-01	   7.2504000e-01	
   4.7600000e+01	   5.6037846e-01	   7.3771200e-01	
   4.7633333e+01	   6.3464224e-01	   7.5902400e-01	
   4.7666667e+01	   8.1874772e-01	   7.8091200e-01	
   4.7700000e+01	   9.9460177e-01	   8.1000000e-01	
   4.7733333e+01	   1.1157269e+00	   8.5334400e-01	
   4.7766667e+01	   1.4763032e+00	   9.0288000e-01	
   4.7800000e+01	   1.6734601e+00	   9.7776000e-01	
   4.7833333e+01	   1.9011694e+00	   1.0753920e+00	
   4.7866667e+01	   2.2207759e+00	   1.2110400e+00	
   4.7900000e+01	   2.6502310e+00	   1.3888800e+00	
   4.7933333e+01	   2.9287793e+00	   1.6070400e+00	
   4.7966667e+01	   3.3464378e+00	   1.8610560e+00	
   4.8000000e+01	   3.8307974e+00	   2.1504960e+00	
   4.8033333e+01	   4.2296712e+00	   2.4674400e+00	
   4.8066667e+01	   4.4821057e+00	   2.8054080e+00	
   4.8100000e+01	   4.6270671e+00	   3.1560480e+00	
   4.8133333e+01	   4.7974973e+00	   3.5156160e+00	
   4.8166667e+01	   4.7377148e+00	   3.8806560e+00	
   4.8200000e+01	   4.9264033e+00	   4.1827680e+00	
   4.8233333e+01	   4.8615441e+00	   4.6169280e+00	
   4.8266667e+01	   4.7199479e+00	   5.0463360e+00	
   4.8300000e+01	   4.9412767e+00	   5.4803520e+00	
   4.8333333e+01	   4.6446957e+00	   5.8730400e+00	
   4.8366667e+01	   4.2189460e+00	   6.2167680e+00	
   4.8400000e+01	   4.2667284e+00	   6.5161440e+00	
   4.8433333e+01	   3.4521776e+00	   6.7777920e+00	
   4.8466667e+01	   3.5411960e+00	   6.9533280e+00	
   4.8500000e+01	   3.4483565e+00	   7.1017920e+00	
   4.8533333e+01	   3.1737922e+00	   7.2180000e+00	
   4.8566667e+01	   3.0642590e+00	   7.3529280e+00	
   4.8600000e+01	   2.9252502e+00	   7.3556640e+00	
   4.8633333e+01	   2.7707793e+00	   7.3241280e+00	
   4.8666667e+01	   2.6717015e+00	   7.2185760e+00	
   4.8700000e+01	   2.3800087e+00	   7.1028000e+00	
   4.8733333e+01	   2.3261211e+00	   7.0132320e+00	
   4.8766667e+01	   2.2339033e+00	   6.8492160e+00	
   4.8800000e+01	   2.0688538e+00	   6.6240000e+00	
   4.8833333e+01	   1.9841196e+00	   6.3980640e+00	
   4.8866667e+01	   1.8029329e+00	   6.0848640e+00	
   4.8900000e+01	   1.8804240e+00	   5.8551840e+00	
   4.8933333e+01	   1.6813742e+00	   5.5566720e+00	
   4.8966667e+01	   1.6099985e+00	   5.2387200e+00	
   4.9000000e+01	   1.4399366e+00	   4.9206240e+00	
   4.9033333e+01	   1.6152416e+00	   4.5911520e+00	
   4.9066667e+01	   1.5807899e+00	   4.2688800e+00	
   4.9100000e+01	   1.4872322e+00	   3.9284640e+00	
   4.9133333e+01	   1.3173944e+00	   3.5723520e+00	
   4.9166667e+01	   1.3892758e+00	   3.2525280e+00	
   4.9200000e+01	   1.2843059e+00	   2.9011680e+00	
   4.9233333e+01	   1.2533260e+00	   2.5940160e+00	
   4.9266667e+01	   1.2281962e+00	   2.3124960e+00	
   4.9300000e+01	   1.2176944e+00	   2.0675520e+00	
   4.9333333e+01	   1.0224757e+00	   1.8400320e+00	
   4.9366667e+01	   1.2274062e+00	   8.5651200e-01	
   4.9400000e+01	   9.7539767e-01	   7.9272000e-01	
   4.9433333e+01	   2.3562559e+00	   7.7990400e-01	
   4.9466667e+01	   4.6674603e-01	   7.5931200e-01	
   4.9500000e+01	   1.0438777e+00	   7.3656000e-01	
   4.9533333e+01	   8.5200956e-01	   7.3296000e-01	
   4.9566667e+01	   8.6529449e-01	   7.2259200e-01	
   4.9600000e+01	   8.2076969e-01	   7.1092800e-01	
   4.9633333e+01	   8.5444371e-01	   7.0286400e-01	
   4.9666667e+01	   8.1963303e-01	   6.9494400e-01	
   4.9700000e+01	   8.0677409e-01	   6.8788800e-01	
   4.9733333e+01	   6.9321814e-01	   6.8443200e-01	
   4.9766667e+01	   8.0504350e-01	   6.7852800e-01	
   4.9800000e+01	   7.4460889e-01	   6.6672000e-01	
   4.9833333e+01	   7.5734018e-01	   6.6240000e-01	
   4.9866667e+01	   6.5547369e-01	   6.5923200e-01	
