   0.0000000e+00	   3.3669504e+00	   3.4866657e+00	
   3.3333333e-02	   3.6246561e+00	   3.4883656e+00	
   6.6666667e-02	   3.4801453e+00	   3.4851610e+00	
   1.0000000e-01	   3.4029163e+00	   3.4848762e+00	
   1.3333333e-01	   3.6259145e+00	   3.4760046e+00	
   1.6666667e-01	   3.4448546e+00	   3.4750186e+00	
   2.0000000e-01	   3.4399831e+00	   3.4739276e+00	
   2.3333333e-01	   3.4929841e+00	   3.4762136e+00	
   2.6666667e-01	   3.6476733e+00	   3.4735183e+00	
   3.0000000e-01	   3.4167924e+00	   3.4728477e+00	
   3.3333333e-01	   3.4749289e+00	   3.4674092e+00	
   3.6666667e-01	   3.4466910e+00	   3.4630039e+00	
   4.0000000e-01	   3.4251890e+00	   3.4623745e+00	
   4.3333333e-01	   3.4733058e+00	   3.4541566e+00	
   4.6666667e-01	   3.5514371e+00	   3.4554467e+00	
   5.0000000e-01	   3.4722288e+00	   3.4529327e+00	
   5.3333333e-01	   3.5155637e+00	   3.4560775e+00	
   5.6666667e-01	   3.4306835e+00	   3.4463649e+00	
   6.0000000e-01	   3.4797492e+00	   3.4447139e+00	
   6.3333333e-01	   3.3074446e+00	   3.4438988e+00	
   6.6666667e-01	   3.4552997e+00	   3.4376302e+00	
   7.0000000e-01	   3.4510164e+00	   3.4352142e+00	
   7.3333333e-01	   3.5265046e+00	   3.4307505e+00	
   7.6666667e-01	   3.4115267e+00	   3.4271466e+00	
   8.0000000e-01	   3.4567531e+00	   3.4169481e+00	
   8.3333333e-01	   3.3314472e+00	   3.4137432e+00	
   8.6666667e-01	   3.3484652e+00	   3.4096567e+00	
   9.0000000e-01	   3.4453816e+00	   3.4011554e+00	
   9.3333333e-01	   3.2240565e+00	   3.3981483e+00	
   9.6666667e-01	   3.4928576e+00	   3.3939942e+00	
   1.0000000e+00	   3.3775145e+00	   3.3889343e+00	
   1.0333333e+00	   3.4644387e+00	   3.3829442e+00	
   1.0666667e+00	   3.3235640e+00	   3.3749415e+00	
   1.1000000e+00	   3.4289646e+00	   3.3719991e+00	
   1.1333333e+00	   3.3776477e+00	   3.3620080e+00	
   1.1666667e+00	   3.4315888e+00	   3.3600127e+00	
   1.2000000e+00	   3.3699601e+00	   3.3569229e+00	
   1.2333333e+00	   3.3016063e+00	   3.3469053e+00	
   1.2666667e+00	   3.3812628e+00	   3.3419525e+00	
   1.3000000e+00	   3.3315213e+00	   3.3372245e+00	
   1.3333333e+00	   3.3174389e+00	   3.3311339e+00	
   1.3666667e+00	   3.3482484e+00	   3.3313835e+00	
   1.4000000e+00	   3.1831517e+00	   3.3292205e+00	
   1.4333333e+00	   3.3319691e+00	   3.3236537e+00	
   1.4666667e+00	   3.3445293e+00	   3.3242726e+00	
   1.5000000e+00	   3.3945793e+00	   3.3147263e+00	
   1.5333333e+00	   3.2865360e+00	   3.3093362e+00	
   1.5666667e+00	   3.2674780e+00	   3.3031135e+00	
   1.6000000e+00	   3.3394702e+00	   3.2929597e+00	
   1.6333333e+00	   3.1700258e+00	   3.2912120e+00	
   1.6666667e+00	   3.2455898e+00	   3.2854444e+00	
   1.7000000e+00	   3.3595162e+00	   3.2796409e+00	
   1.7333333e+00	   3.1404691e+00	   3.2754701e+00	
   1.7666667e+00	   3.3729692e+00	   3.2754137e+00	
   1.8000000e+00	   3.2649581e+00	   3.2680162e+00	
   1.8333333e+00	   3.2679438e+00	   3.2647215e+00	
   1.8666667e+00	   3.3391874e+00	   3.2624492e+00	
   1.9000000e+00	   3.2814100e+00	   3.2530751e+00	
   1.9333333e+00	   3.2728122e+00	   3.2566184e+00	
   1.9666667e+00	   3.2432432e+00	   3.2514171e+00	
   2.0000000e+00	   3.1969198e+00	   3.2459166e+00	
   2.0333333e+00	   3.2104221e+00	   3.2427197e+00	
   2.0666667e+00	   3.2715363e+00	   3.2431583e+00	
   2.1000000e+00	   3.0087956e+00	   3.2401328e+00	
   2.1333333e+00	   3.3747855e+00	   3.2352154e+00	
   2.1666667e+00	   3.1988520e+00	   3.2385454e+00	
   2.2000000e+00	   3.2516793e+00	   3.2350889e+00	
   2.2333333e+00	   3.2406655e+00	   3.2323848e+00	
   2.2666667e+00	   3.2998585e+00	   3.2309998e+00	
   2.3000000e+00	   3.1519395e+00	   3.2227524e+00	
   2.3333333e+00	   3.2293855e+00	   3.2222874e+00	
   2.3666667e+00	   3.2469994e+00	   3.2171504e+00	
   2.4000000e+00	   3.0576492e+00	   3.2143268e+00	
   2.4333333e+00	   3.2929947e+00	   3.2125047e+00	
   2.4666667e+00	   3.1707309e+00	   3.2084163e+00	
   2.5000000e+00	   3.1740135e+00	   3.2056002e+00	
   2.5333333e+00	   3.2954758e+00	   3.2044267e+00	
   2.5666667e+00	   3.3001298e+00	   3.2056613e+00	
   2.6000000e+00	   3.1736891e+00	   3.1991505e+00	
   2.6333333e+00	   3.1870300e+00	   3.2038863e+00	
   2.6666667e+00	   3.2732563e+00	   3.2008170e+00	
   2.7000000e+00	   3.1384370e+00	   3.1997102e+00	
   2.7333333e+00	   3.2756914e+00	   3.1990521e+00	
   2.7666667e+00	   3.0975334e+00	   3.2000805e+00	
   2.8000000e+00	   3.1173000e+00	   3.1967257e+00	
   2.8333333e+00	   3.2505423e+00	   3.1971450e+00	
   2.8666667e+00	   3.1086981e+00	   3.1959775e+00	
   2.9000000e+00	   3.2516548e+00	   3.1953171e+00	
   2.9333333e+00	   3.2249239e+00	   3.1969261e+00	
   2.9666667e+00	   3.1460715e+00	   3.1916207e+00	
   3.0000000e+00	   3.1559458e+00	   3.1965973e+00	
   3.0333333e+00	   3.1605413e+00	   3.1957398e+00	
   3.0666667e+00	   3.2486935e+00	   3.1946779e+00	
   3.1000000e+00	   3.0697028e+00	   3.1926974e+00	
   3.1333333e+00	   3.1556036e+00	   3.1961926e+00	
   3.1666667e+00	   3.2796382e+00	   3.1940134e+00	
   3.2000000e+00	   3.1645426e+00	   3.1936884e+00	
   3.2333333e+00	   3.2312766e+00	   3.1954429e+00	
   3.2666667e+00	   3.2725466e+00	   3.1967969e+00	
   3.3000000e+00	   3.1958586e+00	   3.1961927e+00	
   3.3333333e+00	   3.1649383e+00	   3.2033695e+00	
   3.3666667e+00	   3.1931930e+00	   3.2007510e+00	
   3.4000000e+00	   3.2265279e+00	   3.2064484e+00	
   3.4333333e+00	   3.1075281e+00	   3.2042732e+00	
   3.4666667e+00	   3.1285279e+00	   3.2069223e+00	
   3.5000000e+00	   3.3250034e+00	   3.2132362e+00	
   3.5333333e+00	   3.1474308e+00	   3.2154516e+00	
   3.5666667e+00	   3.2625594e+00	   3.2203944e+00	
   3.6000000e+00	   3.2387342e+00	   3.2224676e+00	
   3.6333333e+00	   3.2820380e+00	   3.2289298e+00	
   3.6666667e+00	   3.1194764e+00	   3.2361598e+00	
   3.7000000e+00	   3.2631820e+00	   3.2352769e+00	
   3.7333333e+00	   3.1928254e+00	   3.2410859e+00	
   3.7666667e+00	   3.3176657e+00	   3.2434325e+00	
   3.8000000e+00	   3.0788032e+00	   3.2441331e+00	
   3.8333333e+00	   3.3397791e+00	   3.2466388e+00	
   3.8666667e+00	   3.1693714e+00	   3.2513578e+00	
   3.9000000e+00	   3.2853166e+00	   3.2554897e+00	
   3.9333333e+00	   3.1842248e+00	   3.2563442e+00	
   3.9666667e+00	   3.3070453e+00	   3.2641256e+00	
   4.0000000e+00	   3.3418002e+00	   3.2679454e+00	
   4.0333333e+00	   3.2246237e+00	   3.2671419e+00	
   4.0666667e+00	   3.3137702e+00	   3.2670054e+00	
   4.1000000e+00	   3.3129631e+00	   3.2713418e+00	
   4.1333333e+00	   3.2700287e+00	   3.2717152e+00	
   4.1666667e+00	   3.3797352e+00	   3.2713314e+00	
   4.2000000e+00	   3.2522669e+00	   3.2715365e+00	
   4.2333333e+00	   3.3446211e+00	   3.2700916e+00	
   4.2666667e+00	   3.3040226e+00	   3.2726531e+00	
   4.3000000e+00	   3.2942640e+00	   3.2730883e+00	
   4.3333333e+00	   3.2735372e+00	   3.2750911e+00	
   4.3666667e+00	   3.3112252e+00	   3.2749293e+00	
   4.4000000e+00	   3.3212826e+00	   3.2768223e+00	
   4.4333333e+00	   3.2530167e+00	   3.2787838e+00	
   4.4666667e+00	   3.3487524e+00	   3.2839300e+00	
   4.5000000e+00	   3.2469413e+00	   3.2858961e+00	
   4.5333333e+00	   3.3000943e+00	   3.2860912e+00	
   4.5666667e+00	   3.1431996e+00	   3.2893989e+00	
   4.6000000e+00	   3.3969879e+00	   3.2883988e+00	
   4.6333333e+00	   3.2503093e+00	   3.2905931e+00	
   4.6666667e+00	   3.2701421e+00	   3.2979158e+00	
   4.7000000e+00	   3.1258336e+00	   3.2965860e+00	
   4.7333333e+00	   3.2183891e+00	   3.3060668e+00	
   4.7666667e+00	   3.2722324e+00	   3.3033440e+00	
   4.8000000e+00	   3.3311563e+00	   3.3089466e+00	
   4.8333333e+00	   3.1408923e+00	   3.3087533e+00	
   4.8666667e+00	   3.3347633e+00	   3.3149424e+00	
   4.9000000e+00	   3.2280525e+00	   3.3165354e+00	
   4.9333333e+00	   3.3461228e+00	   3.3170967e+00	
   4.9666667e+00	   3.3437569e+00	   3.3207651e+00	
   5.0000000e+00	   3.3679941e+00	   3.3239305e+00	
   5.0333333e+00	   3.3478509e+00	   3.3342087e+00	
   5.0666667e+00	   3.3271604e+00	   3.3420709e+00	
   5.1000000e+00	   3.2827690e+00	   3.3476255e+00	
   5.1333333e+00	   3.3809869e+00	   3.3533889e+00	
   5.1666667e+00	   3.4970324e+00	   3.3592654e+00	
   5.2000000e+00	   3.3385097e+00	   3.3707016e+00	
   5.2333333e+00	   3.5461712e+00	   3.3831239e+00	
   5.2666667e+00	   3.2602152e+00	   3.3798489e+00	
   5.3000000e+00	   3.4777032e+00	   3.3917850e+00	
   5.3333333e+00	   3.2882719e+00	   3.3995098e+00	
   5.3666667e+00	   3.4653995e+00	   3.4114548e+00	
   5.4000000e+00	   3.3606081e+00	   3.4191313e+00	
   5.4333333e+00	   3.3386835e+00	   3.4272238e+00	
   5.4666667e+00	   3.3667368e+00	   3.4271405e+00	
   5.5000000e+00	   3.4468797e+00	   3.4346372e+00	
   5.5333333e+00	   3.5655650e+00	   3.4420073e+00	
   5.5666667e+00	   3.5438222e+00	   3.4432246e+00	
   5.6000000e+00	   3.3153915e+00	   3.4547380e+00	
   5.6333333e+00	   3.5756549e+00	   3.4601185e+00	
   5.6666667e+00	   3.4324814e+00	   3.4650097e+00	
   5.7000000e+00	   3.6246630e+00	   3.4661903e+00	
   5.7333333e+00	   3.5109256e+00	   3.4746426e+00	
   5.7666667e+00	   3.1168633e+00	   3.4675634e+00	
   5.8000000e+00	   3.6422523e+00	   3.4805856e+00	
   5.8333333e+00	   3.5706239e+00	   3.4841655e+00	
   5.8666667e+00	   3.5111890e+00	   3.4845374e+00	
   5.9000000e+00	   3.5727345e+00	   3.4896925e+00	
   5.9333333e+00	   3.4789190e+00	   3.4971230e+00	
   5.9666667e+00	   3.3435393e+00	   3.4991425e+00	
   6.0000000e+00	   3.5761557e+00	   3.5026526e+00	
   6.0333333e+00	   3.5964666e+00	   3.5065881e+00	
   6.0666667e+00	   3.3855879e+00	   3.5031559e+00	
   6.1000000e+00	   3.6840762e+00	   3.4961120e+00	
   6.1333333e+00	   3.4495653e+00	   3.5059874e+00	
   6.1666667e+00	   3.5326130e+00	   3.5061969e+00	
   6.2000000e+00	   3.5336297e+00	   3.5060900e+00	
   6.2333333e+00	   3.6005325e+00	   3.4984220e+00	
   6.2666667e+00	   3.3267162e+00	   3.5014331e+00	
   6.3000000e+00	   3.6639041e+00	   3.5115695e+00	
   6.3333333e+00	   3.5886780e+00	   3.5055446e+00	
   6.3666667e+00	   3.2998015e+00	   3.5036270e+00	
   6.4000000e+00	   3.6252075e+00	   3.5029374e+00	
   6.4333333e+00	   3.5909524e+00	   3.4972430e+00	
   6.4666667e+00	   3.4012904e+00	   3.4980898e+00	
   6.5000000e+00	   3.4755494e+00	   3.5047530e+00	
   6.5333333e+00	   3.5688807e+00	   3.5005515e+00	
   6.5666667e+00	   3.4591674e+00	   3.4938287e+00	
   6.6000000e+00	   3.3254593e+00	   3.4966995e+00	
   6.6333333e+00	   3.6215290e+00	   3.4948436e+00	
   6.6666667e+00	   3.5821502e+00	   3.4871579e+00	
   6.7000000e+00	   3.4291662e+00	   3.4868919e+00	
   6.7333333e+00	   3.3869554e+00	   3.4869932e+00	
   6.7666667e+00	   3.6042717e+00	   3.4829897e+00	
   6.8000000e+00	   3.4310912e+00	   3.4827522e+00	
   6.8333333e+00	   3.4554781e+00	   3.4789963e+00	
   6.8666667e+00	   3.5111808e+00	   3.4727712e+00	
   6.9000000e+00	   3.4898100e+00	   3.4743776e+00	
   6.9333333e+00	   3.3962090e+00	   3.4695407e+00	
   6.9666667e+00	   3.5051691e+00	   3.4647843e+00	
   7.0000000e+00	   3.5500993e+00	   3.4642463e+00	
   7.0333333e+00	   3.4459097e+00	   3.4618492e+00	
   7.0666667e+00	   3.3880570e+00	   3.4605969e+00	
   7.1000000e+00	   3.4745836e+00	   3.4582226e+00	
   7.1333333e+00	   3.6265450e+00	   3.4608434e+00	
   7.1666667e+00	   3.2113086e+00	   3.4542646e+00	
   7.2000000e+00	   3.5243670e+00	   3.4484596e+00	
   7.2333333e+00	   3.5367678e+00	   3.4474475e+00	
   7.2666667e+00	   3.4764236e+00	   3.4503766e+00	
   7.3000000e+00	   3.3193548e+00	   3.4403901e+00	
   7.3333333e+00	   3.5474725e+00	   3.4408886e+00	
   7.3666667e+00	   3.3956995e+00	   3.4379849e+00	
   7.4000000e+00	   3.3495997e+00	   3.4340979e+00	
   7.4333333e+00	   3.4752646e+00	   3.4325721e+00	
   7.4666667e+00	   3.4435033e+00	   3.4339237e+00	
   7.5000000e+00	   3.3846131e+00	   3.4307113e+00	
   7.5333333e+00	   3.4012395e+00	   3.4229753e+00	
   7.5666667e+00	   3.5300570e+00	   3.4226966e+00	
   7.6000000e+00	   3.3855640e+00	   3.4225491e+00	
   7.6333333e+00	   3.4067046e+00	   3.4163088e+00	
   7.6666667e+00	   3.4175870e+00	   3.4103046e+00	
   7.7000000e+00	   3.4021959e+00	   3.4177828e+00	
   7.7333333e+00	   3.3977914e+00	   3.4121236e+00	
   7.7666667e+00	   3.4777552e+00	   3.4088426e+00	
   7.8000000e+00	   3.2946921e+00	   3.3994055e+00	
   7.8333333e+00	   3.4465441e+00	   3.4033148e+00	
   7.8666667e+00	   3.3654618e+00	   3.4011047e+00	
   7.9000000e+00	   3.3906864e+00	   3.3985265e+00	
   7.9333333e+00	   3.4425076e+00	   3.3976843e+00	
   7.9666667e+00	   3.4381087e+00	   3.3956432e+00	
   8.0000000e+00	   3.4055845e+00	   3.3895652e+00	
   8.0333333e+00	   3.3102859e+00	   3.3905630e+00	
   8.0666667e+00	   3.4372701e+00	   3.3867413e+00	
   8.1000000e+00	   3.3834832e+00	   3.3831512e+00	
   8.1333333e+00	   3.2811328e+00	   3.3810219e+00	
   8.1666667e+00	   3.4404173e+00	   3.3807415e+00	
   8.2000000e+00	   3.4431333e+00	   3.3782372e+00	
   8.2333333e+00	   3.3489288e+00	   3.3738603e+00	
   8.2666667e+00	   3.4350568e+00	   3.3742019e+00	
   8.3000000e+00	   3.1838743e+00	   3.3683678e+00	
   8.3333333e+00	   3.4405430e+00	   3.3718616e+00	
   8.3666667e+00	   3.4789607e+00	   3.3737862e+00	
   8.4000000e+00	   3.3157760e+00	   3.3692008e+00	
   8.4333333e+00	   3.3234893e+00	   3.3727494e+00	
   8.4666667e+00	   3.4119912e+00	   3.3634509e+00	
   8.5000000e+00	   3.2550851e+00	   3.3647917e+00	
   8.5333333e+00	   3.4155458e+00	   3.3623712e+00	
   8.5666667e+00	   3.2827679e+00	   3.3618758e+00	
   8.6000000e+00	   3.4187614e+00	   3.3615293e+00	
   8.6333333e+00	   3.3195564e+00	   3.3595901e+00	
   8.6666667e+00	   3.3980118e+00	   3.3613444e+00	
   8.7000000e+00	   3.3399529e+00	   3.3560540e+00	
   8.7333333e+00	   3.2665120e+00	   3.3551801e+00	
   8.7666667e+00	   3.4083838e+00	   3.3522294e+00	
   8.8000000e+00	   3.2968960e+00	   3.3501893e+00	
   8.8333333e+00	   3.4029993e+00	   3.3529494e+00	
   8.8666667e+00	   3.5062081e+00	   3.3465631e+00	
   8.9000000e+00	   3.2233137e+00	   3.3421982e+00	
   8.9333333e+00	   3.5006947e+00	   3.3382767e+00	
   8.9666667e+00	   3.1542516e+00	   3.3425868e+00	
   9.0000000e+00	   3.4796754e+00	   3.3356069e+00	
   9.0333333e+00	   3.3305497e+00	   3.3413751e+00	
   9.0666667e+00	   3.2949287e+00	   3.3360093e+00	
   9.1000000e+00	   3.4265269e+00	   3.3334935e+00	
   9.1333333e+00	   3.3233673e+00	   3.3276818e+00	
   9.1666667e+00	   3.3355163e+00	   3.3276182e+00	
   9.2000000e+00	   3.2764166e+00	   3.3226630e+00	
   9.2333333e+00	   3.4160419e+00	   3.3242579e+00	
   9.2666667e+00	   3.2574572e+00	   3.3213243e+00	
   9.3000000e+00	   3.3718121e+00	   3.3220138e+00	
   9.3333333e+00	   3.2694380e+00	   3.3194845e+00	
   9.3666667e+00	   3.2425697e+00	   3.3101519e+00	
   9.4000000e+00	   3.3436480e+00	   3.3040864e+00	
   9.4333333e+00	   3.1942094e+00	   3.3104776e+00	
   9.4666667e+00	   3.4571013e+00	   3.2967550e+00	
   9.5000000e+00	   3.1956143e+00	   3.2983435e+00	
   9.5333333e+00	   3.4339004e+00	   3.2933655e+00	
   9.5666667e+00	   3.2492054e+00	   3.2912295e+00	
   9.6000000e+00	   3.2047791e+00	   3.2875114e+00	
   9.6333333e+00	   3.2385988e+00	   3.2831073e+00	
   9.6666667e+00	   3.3175845e+00	   3.2846312e+00	
   9.7000000e+00	   3.2444001e+00	   3.2771889e+00	
   9.7333333e+00	   3.3893956e+00	   3.2744849e+00	
   9.7666667e+00	   3.1755682e+00	   3.2633712e+00	
   9.8000000e+00	   3.4297588e+00	   3.2676585e+00	
   9.8333333e+00	   3.2184889e+00	   3.2558902e+00	
   9.8666667e+00	   3.1136896e+00	   3.2593396e+00	
   9.9000000e+00	   3.3181752e+00	   3.2566258e+00	
   9.9333333e+00	   3.4214408e+00	   3.2527851e+00	
   9.9666667e+00	   3.0752947e+00	   3.2522936e+00	
   1.0000000e+01	   3.2034949e+00	   3.2448033e+00	
   1.0033333e+01	   3.3253571e+00	   3.2461839e+00	
   1.0066667e+01	   3.2643339e+00	   3.2370239e+00	
   1.0100000e+01	   3.1796695e+00	   3.2354680e+00	
   1.0133333e+01	   3.2899989e+00	   3.2353046e+00	
   1.0166667e+01	   3.3706066e+00	   3.2332164e+00	
   1.0200000e+01	   3.1048061e+00	   3.2354302e+00	
   1.0233333e+01	   3.1925934e+00	   3.2309305e+00	
   1.0266667e+01	   3.0715178e+00	   3.2251058e+00	
   1.0300000e+01	   3.3903611e+00	   3.2225990e+00	
   1.0333333e+01	   3.0069972e+00	   3.2161622e+00	
   1.0366667e+01	   3.3763698e+00	   3.2141488e+00	
   1.0400000e+01	   3.1584405e+00	   3.2202273e+00	
   1.0433333e+01	   3.2245851e+00	   3.2129362e+00	
   1.0466667e+01	   3.1789730e+00	   3.2090223e+00	
   1.0500000e+01	   3.2249041e+00	   3.2080459e+00	
   1.0533333e+01	   3.2384108e+00	   3.2107483e+00	
   1.0566667e+01	   3.1499400e+00	   3.2067404e+00	
   1.0600000e+01	   3.2009749e+00	   3.2031650e+00	
   1.0633333e+01	   3.1997127e+00	   3.2090638e+00	
   1.0666667e+01	   3.1738655e+00	   3.2035613e+00	
   1.0700000e+01	   3.3862108e+00	   3.1972171e+00	
   1.0733333e+01	   3.1049091e+00	   3.2008708e+00	
   1.0766667e+01	   3.2088319e+00	   3.1986418e+00	
   1.0800000e+01	   3.0978567e+00	   3.2038045e+00	
   1.0833333e+01	   3.2302172e+00	   3.1978159e+00	
   1.0866667e+01	   3.1560725e+00	   3.2016115e+00	
   1.0900000e+01	   3.3021236e+00	   3.1956097e+00	
   1.0933333e+01	   3.0921529e+00	   3.1990243e+00	
   1.0966667e+01	   3.3001100e+00	   3.1945726e+00	
   1.1000000e+01	   3.0450252e+00	   3.1918007e+00	
   1.1033333e+01	   3.2872684e+00	   3.1946027e+00	
   1.1066667e+01	   3.2011136e+00	   3.1911000e+00	
   1.1100000e+01	   3.1534973e+00	   3.1878872e+00	
   1.1133333e+01	   3.3625307e+00	   3.1880571e+00	
   1.1166667e+01	   3.1194221e+00	   3.1904550e+00	
   1.1200000e+01	   3.1739361e+00	   3.1902822e+00	
   1.1233333e+01	   3.2180694e+00	   3.1814038e+00	
   1.1266667e+01	   3.1234967e+00	   3.1873328e+00	
   1.1300000e+01	   3.2315597e+00	   3.1839023e+00	
   1.1333333e+01	   3.2047166e+00	   3.1900444e+00	
   1.1366667e+01	   3.1246601e+00	   3.1852927e+00	
   1.1400000e+01	   3.1903142e+00	   3.1886998e+00	
   1.1433333e+01	   3.2642931e+00	   3.1803002e+00	
   1.1466667e+01	   3.0865830e+00	   3.1900306e+00	
   1.1500000e+01	   3.0930413e+00	   3.1859316e+00	
   1.1533333e+01	   3.3117691e+00	   3.1898928e+00	
   1.1566667e+01	   3.1298255e+00	   3.1813639e+00	
   1.1600000e+01	   3.0503441e+00	   3.1828013e+00	
   1.1633333e+01	   3.2062416e+00	   3.1879391e+00	
   1.1666667e+01	   3.2740471e+00	   3.1832606e+00	
   1.1700000e+01	   3.1685084e+00	   3.1859447e+00	
   1.1733333e+01	   3.1109821e+00	   3.1889891e+00	
   1.1766667e+01	   3.2887079e+00	   3.1842724e+00	
   1.1800000e+01	   3.1024857e+00	   3.1874066e+00	
   1.1833333e+01	   3.2882619e+00	   3.1870430e+00	
   1.1866667e+01	   3.0829148e+00	   3.1882374e+00	
   1.1900000e+01	   3.2616907e+00	   3.1939182e+00	
   1.1933333e+01	   3.0417367e+00	   3.1904259e+00	
   1.1966667e+01	   3.3937961e+00	   3.1881479e+00	
   1.2000000e+01	   3.1730409e+00	   3.1981846e+00	
   1.2033333e+01	   3.1678204e+00	   3.1972007e+00	
   1.2066667e+01	   3.0228748e+00	   3.1952146e+00	
   1.2100000e+01	   3.2456737e+00	   3.1961250e+00	
   1.2133333e+01	   3.3127679e+00	   3.1994398e+00	
   1.2166667e+01	   3.2174965e+00	   3.2034269e+00	
   1.2200000e+01	   3.2026311e+00	   3.2021533e+00	
   1.2233333e+01	   3.2683117e+00	   3.2001803e+00	
   1.2266667e+01	   3.0718525e+00	   3.2036314e+00	
   1.2300000e+01	   3.2206557e+00	   3.2039301e+00	
   1.2333333e+01	   3.2202867e+00	   3.2086467e+00	
   1.2366667e+01	   3.2417433e+00	   3.2039870e+00	
   1.2400000e+01	   3.3007660e+00	   3.2053912e+00	
   1.2433333e+01	   3.0820512e+00	   3.2065144e+00	
   1.2466667e+01	   3.1936763e+00	   3.2132026e+00	
   1.2500000e+01	   3.3977220e+00	   3.2098699e+00	
   1.2533333e+01	   3.0625397e+00	   3.2081069e+00	
   1.2566667e+01	   3.2501981e+00	   3.2083935e+00	
   1.2600000e+01	   3.1580498e+00	   3.2161867e+00	
   1.2633333e+01	   3.1531012e+00	   3.2172511e+00	
   1.2666667e+01	   3.3298435e+00	   3.2175507e+00	
   1.2700000e+01	   3.2345647e+00	   3.2178071e+00	
   1.2733333e+01	   3.1073461e+00	   3.2164112e+00	
   1.2766667e+01	   3.2179648e+00	   3.2134479e+00	
   1.2800000e+01	   3.2979689e+00	   3.2203051e+00	
   1.2833333e+01	   3.2486996e+00	   3.2216705e+00	
   1.2866667e+01	   3.1438115e+00	   3.2236935e+00	
   1.2900000e+01	   3.1264453e+00	   3.2264880e+00	
   1.2933333e+01	   3.2965100e+00	   3.2283078e+00	
   1.2966667e+01	   3.2490716e+00	   3.2321615e+00	
   1.3000000e+01	   3.2904810e+00	   3.2362370e+00	
   1.3033333e+01	   3.1183897e+00	   3.2290163e+00	
   1.3066667e+01	   3.1767040e+00	   3.2390990e+00	
   1.3100000e+01	   3.2644624e+00	   3.2380613e+00	
   1.3133333e+01	   3.2786727e+00	   3.2415919e+00	
   1.3166667e+01	   3.3220535e+00	   3.2437273e+00	
   1.3200000e+01	   3.2254442e+00	   3.2447497e+00	
   1.3233333e+01	   3.1593595e+00	   3.2459773e+00	
   1.3266667e+01	   3.1764509e+00	   3.2555243e+00	
   1.3300000e+01	   3.2844247e+00	   3.2606208e+00	
   1.3333333e+01	   3.2629812e+00	   3.2611434e+00	
   1.3366667e+01	   3.2830025e+00	   3.2632136e+00	
   1.3400000e+01	   3.3283704e+00	   3.2685090e+00	
   1.3433333e+01	   3.3571800e+00	   3.2777176e+00	
   1.3466667e+01	   3.2015179e+00	   3.2775723e+00	
   1.3500000e+01	   3.3200169e+00	   3.2821357e+00	
   1.3533333e+01	   3.1738778e+00	   3.2793939e+00	
   1.3566667e+01	   3.3751040e+00	   3.2886279e+00	
   1.3600000e+01	   3.2180286e+00	   3.2921902e+00	
   1.3633333e+01	   3.2675009e+00	   3.2926919e+00	
   1.3666667e+01	   3.2192961e+00	   3.2955250e+00	
   1.3700000e+01	   3.3615394e+00	   3.2971216e+00	
   1.3733333e+01	   3.2726195e+00	   3.2999294e+00	
   1.3766667e+01	   3.4033036e+00	   3.3004719e+00	
   1.3800000e+01	   3.3759578e+00	   3.3111091e+00	
   1.3833333e+01	   3.3141669e+00	   3.3099308e+00	
   1.3866667e+01	   3.3128761e+00	   3.3152065e+00	
   1.3900000e+01	   3.3079689e+00	   3.3122059e+00	
   1.3933333e+01	   3.4119132e+00	   3.3138233e+00	
   1.3966667e+01	   3.2920062e+00	   3.3125697e+00	
   1.4000000e+01	   3.3905363e+00	   3.3165031e+00	
   1.4033333e+01	   3.2054853e+00	   3.3174202e+00	
   1.4066667e+01	   3.4046430e+00	   3.3228142e+00	
   1.4100000e+01	   3.2871350e+00	   3.3224668e+00	
   1.4133333e+01	   3.2800173e+00	   3.3291603e+00	
   1.4166667e+01	   3.3664974e+00	   3.3324087e+00	
   1.4200000e+01	   3.3715483e+00	   3.3395136e+00	
   1.4233333e+01	   3.3124848e+00	   3.3384852e+00	
   1.4266667e+01	   3.1761777e+00	   3.3380148e+00	
   1.4300000e+01	   3.5062048e+00	   3.3378756e+00	
   1.4333333e+01	   3.2478959e+00	   3.3335072e+00	
   1.4366667e+01	   3.4265303e+00	   3.3334651e+00	
   1.4400000e+01	   3.1899814e+00	   3.3334934e+00	
   1.4433333e+01	   3.3785102e+00	   3.3324948e+00	
   1.4466667e+01	   3.3183205e+00	   3.3260286e+00	
   1.4500000e+01	   3.3234533e+00	   3.3257241e+00	
   1.4533333e+01	   3.3484448e+00	   3.3170575e+00	
   1.4566667e+01	   3.3410936e+00	   3.3190434e+00	
   1.4600000e+01	   3.3643323e+00	   3.3020534e+00	
   1.4633333e+01	   3.4255300e+00	   3.2965737e+00	
   1.4666667e+01	   3.3682009e+00	   3.2861643e+00	
   1.4700000e+01	   3.4395462e+00	   3.2838056e+00	
   1.4733333e+01	   3.3296596e+00	   3.2701005e+00	
   1.4766667e+01	   3.2580372e+00	   3.2608148e+00	
   1.4800000e+01	   3.3989896e+00	   3.2585250e+00	
   1.4833333e+01	   3.2405367e+00	   3.2457315e+00	
   1.4866667e+01	   3.3128619e+00	   3.2497195e+00	
   1.4900000e+01	   3.3137538e+00	   3.2496979e+00	
   1.4933333e+01	   3.2770120e+00	   3.2476636e+00	
   1.4966667e+01	   3.2114596e+00	   3.2464078e+00	
   1.5000000e+01	   3.2825679e+00	   3.2462447e+00	
   1.5033333e+01	   3.1218722e+00	   3.2447906e+00	
   1.5066667e+01	   3.2670484e+00	   3.2449771e+00	
   1.5100000e+01	   2.8779515e+00	   3.2452428e+00	
   1.5133333e+01	   3.1172649e+00	   3.2375528e+00	
   1.5166667e+01	   2.9573243e+00	   3.2373024e+00	
   1.5200000e+01	   3.2933785e+00	   3.2372186e+00	
   1.5233333e+01	   2.9466903e+00	   3.2336309e+00	
   1.5266667e+01	   3.0246275e+00	   3.2367493e+00	
   1.5300000e+01	   3.1051964e+00	   3.2424717e+00	
   1.5333333e+01	   3.1096054e+00	   3.2429466e+00	
   1.5366667e+01	   3.3715230e+00	   3.2473776e+00	
   1.5400000e+01	   3.4258608e+00	   3.2538014e+00	
   1.5433333e+01	   3.1269198e+00	   3.2595907e+00	
   1.5466667e+01	   3.3395778e+00	   3.2666060e+00	
   1.5500000e+01	   3.3132668e+00	   3.2767157e+00	
   1.5533333e+01	   3.2783763e+00	   3.2811443e+00	
   1.5566667e+01	   3.3542263e+00	   3.2938508e+00	
   1.5600000e+01	   3.3493299e+00	   3.2987318e+00	
   1.5633333e+01	   3.1259409e+00	   3.3222288e+00	
   1.5666667e+01	   3.4177676e+00	   3.3300598e+00	
   1.5700000e+01	   3.3656026e+00	   3.3498540e+00	
   1.5733333e+01	   3.3283276e+00	   3.3623863e+00	
   1.5766667e+01	   3.4263318e+00	   3.3794672e+00	
   1.5800000e+01	   3.4354296e+00	   3.3958196e+00	
   1.5833333e+01	   3.4137136e+00	   3.4114159e+00	
   1.5866667e+01	   3.3778979e+00	   3.4210287e+00	
   1.5900000e+01	   3.5119993e+00	   3.4284322e+00	
   1.5933333e+01	   3.4932214e+00	   3.4296655e+00	
   1.5966667e+01	   3.4944850e+00	   3.4433716e+00	
   1.6000000e+01	   3.5248610e+00	   3.4504779e+00	
   1.6033333e+01	   3.4198547e+00	   3.4530014e+00	
   1.6066667e+01	   3.5157726e+00	   3.4602069e+00	
   1.6100000e+01	   3.4183607e+00	   3.4730888e+00	
   1.6133333e+01	   3.6063580e+00	   3.4727596e+00	
   1.6166667e+01	   3.3600254e+00	   3.4841886e+00	
   1.6200000e+01	   3.5709469e+00	   3.4954964e+00	
   1.6233333e+01	   3.6818789e+00	   3.4957657e+00	
   1.6266667e+01	   3.4761991e+00	   3.5043647e+00	
   1.6300000e+01	   3.5315517e+00	   3.5079178e+00	
   1.6333333e+01	   3.5886810e+00	   3.5111779e+00	
   1.6366667e+01	   3.4076018e+00	   3.5140311e+00	
   1.6400000e+01	   3.6010310e+00	   3.5214540e+00	
   1.6433333e+01	   3.4640943e+00	   3.5228792e+00	
   1.6466667e+01	   3.5518080e+00	   3.5184501e+00	
   1.6500000e+01	   3.5598741e+00	   3.5213012e+00	
   1.6533333e+01	   3.3914940e+00	   3.5271700e+00	
   1.6566667e+01	   3.5017472e+00	   3.5272774e+00	
   1.6600000e+01	   3.7535664e+00	   3.5251138e+00	
   1.6633333e+01	   3.3391249e+00	   3.5268404e+00	
   1.6666667e+01	   3.4802384e+00	   3.5241285e+00	
   1.6700000e+01	   3.7683092e+00	   3.5248541e+00	
   1.6733333e+01	   3.3739522e+00	   3.5268353e+00	
   1.6766667e+01	   3.5948967e+00	   3.5201522e+00	
   1.6800000e+01	   3.5364770e+00	   3.5184829e+00	
   1.6833333e+01	   3.5364922e+00	   3.5146413e+00	
   1.6866667e+01	   3.5021616e+00	   3.5126110e+00	
   1.6900000e+01	   3.6080106e+00	   3.5116226e+00	
   1.6933333e+01	   3.5561803e+00	   3.5061015e+00	
   1.6966667e+01	   3.3559180e+00	   3.5082400e+00	
   1.7000000e+01	   3.5828679e+00	   3.5056623e+00	
   1.7033333e+01	   3.7067950e+00	   3.4942984e+00	
   1.7066667e+01	   3.4231849e+00	   3.5002996e+00	
   1.7100000e+01	   3.4487018e+00	   3.4978972e+00	
   1.7133333e+01	   3.4718844e+00	   3.4846918e+00	
   1.7166667e+01	   3.5222890e+00	   3.4876075e+00	
   1.7200000e+01	   3.3825187e+00	   3.4898493e+00	
   1.7233333e+01	   3.6323651e+00	   3.4796124e+00	
   1.7266667e+01	   3.4747020e+00	   3.4781431e+00	
   1.7300000e+01	   3.4244512e+00	   3.4714791e+00	
   1.7333333e+01	   3.4124605e+00	   3.4665612e+00	
   1.7366667e+01	   3.5257420e+00	   3.4612632e+00	
   1.7400000e+01	   3.3769632e+00	   3.4621974e+00	
   1.7433333e+01	   3.4298754e+00	   3.4564661e+00	
   1.7466667e+01	   3.5303875e+00	   3.4503275e+00	
   1.7500000e+01	   3.4719001e+00	   3.4481374e+00	
   1.7533333e+01	   3.2075925e+00	   3.4481696e+00	
   1.7566667e+01	   3.5775317e+00	   3.4355491e+00	
   1.7600000e+01	   3.4272731e+00	   3.4327122e+00	
   1.7633333e+01	   3.3441980e+00	   3.4335949e+00	
   1.7666667e+01	   3.4295131e+00	   3.4316582e+00	
   1.7700000e+01	   3.5497347e+00	   3.4231900e+00	
   1.7733333e+01	   3.4509650e+00	   3.4250075e+00	
   1.7766667e+01	   3.3284028e+00	   3.4184604e+00	
   1.7800000e+01	   3.3883123e+00	   3.4106091e+00	
   1.7833333e+01	   3.3840213e+00	   3.4125338e+00	
   1.7866667e+01	   3.3722545e+00	   3.4157032e+00	
   1.7900000e+01	   3.5311228e+00	   3.4094637e+00	
   1.7933333e+01	   3.4303391e+00	   3.4070818e+00	
   1.7966667e+01	   3.3658845e+00	   3.4065944e+00	
   1.8000000e+01	   3.2880245e+00	   3.4020495e+00	
   1.8033333e+01	   3.5838661e+00	   3.3977183e+00	
   1.8066667e+01	   3.3155592e+00	   3.4042344e+00	
   1.8100000e+01	   3.3352424e+00	   3.3941522e+00	
   1.8133333e+01	   3.4760645e+00	   3.3926453e+00	
   1.8166667e+01	   3.4118462e+00	   3.3962643e+00	
   1.8200000e+01	   3.2597746e+00	   3.3958036e+00	
   1.8233333e+01	   3.4388621e+00	   3.3839780e+00	
   1.8266667e+01	   3.4294069e+00	   3.3843597e+00	
   1.8300000e+01	   3.2313110e+00	   3.3898209e+00	
   1.8333333e+01	   3.4841165e+00	   3.3845630e+00	
   1.8366667e+01	   3.5107104e+00	   3.3861618e+00	
   1.8400000e+01	   3.3323180e+00	   3.3883057e+00	
   1.8433333e+01	   3.3031261e+00	   3.3775075e+00	
   1.8466667e+01	   3.4147663e+00	   3.3797452e+00	
   1.8500000e+01	   3.3894945e+00	   3.3835348e+00	
   1.8533333e+01	   3.3376336e+00	   3.3774492e+00	
   1.8566667e+01	   3.4095897e+00	   3.3731905e+00	
   1.8600000e+01	   3.2649858e+00	   3.3796165e+00	
   1.8633333e+01	   3.3805587e+00	   3.3748858e+00	
   1.8666667e+01	   3.4563851e+00	   3.3740495e+00	
   1.8700000e+01	   3.4152314e+00	   3.3752179e+00	
   1.8733333e+01	   3.1831419e+00	   3.3768923e+00	
   1.8766667e+01	   3.4627989e+00	   3.3757404e+00	
   1.8800000e+01	   3.4976987e+00	   3.3741531e+00	
   1.8833333e+01	   3.2253188e+00	   3.3812005e+00	
   1.8866667e+01	   3.4335820e+00	   3.3761482e+00	
   1.8900000e+01	   3.4387169e+00	   3.3739218e+00	
   1.8933333e+01	   3.1963774e+00	   3.3677623e+00	
   1.8966667e+01	   3.4997087e+00	   3.3783483e+00	
   1.9000000e+01	   3.4833604e+00	   3.3741790e+00	
   1.9033333e+01	   3.0993731e+00	   3.3728425e+00	
   1.9066667e+01	   3.4518445e+00	   3.3749502e+00	
   1.9100000e+01	   3.5147665e+00	   3.3752549e+00	
   1.9133333e+01	   3.1885898e+00	   3.3767344e+00	
   1.9166667e+01	   3.4501401e+00	   3.3782180e+00	
   1.9200000e+01	   3.4480665e+00	   3.3736349e+00	
   1.9233333e+01	   3.3116825e+00	   3.3717293e+00	
   1.9266667e+01	   3.4031526e+00	   3.3788365e+00	
   1.9300000e+01	   3.3802001e+00	   3.3730993e+00	
   1.9333333e+01	   3.4497809e+00	   3.3722510e+00	
   1.9366667e+01	   3.3274935e+00	   3.3760671e+00	
   1.9400000e+01	   3.4416943e+00	   3.3711896e+00	
   1.9433333e+01	   3.1413714e+00	   3.3715885e+00	
   1.9466667e+01	   3.6312919e+00	   3.3756760e+00	
   1.9500000e+01	   3.2855196e+00	   3.3672539e+00	
   1.9533333e+01	   3.3480633e+00	   3.3663423e+00	
   1.9566667e+01	   3.4029719e+00	   3.3762351e+00	
   1.9600000e+01	   3.4190360e+00	   3.3735064e+00	
   1.9633333e+01	   3.3108484e+00	   3.3671060e+00	
   1.9666667e+01	   3.4265513e+00	   3.3756013e+00	
   1.9700000e+01	   3.3143073e+00	   3.3735604e+00	
   1.9733333e+01	   3.3561584e+00	   3.3697844e+00	
   1.9766667e+01	   3.4034663e+00	   3.3702315e+00	
   1.9800000e+01	   3.2849455e+00	   3.3718490e+00	
   1.9833333e+01	   3.4714019e+00	   3.3683550e+00	
   1.9866667e+01	   3.3436167e+00	   3.3679572e+00	
   1.9900000e+01	   3.2823813e+00	   3.3648176e+00	
   1.9933333e+01	   3.4510810e+00	   3.3657427e+00	
   1.9966667e+01	   3.3230893e+00	   3.3718681e+00	
   2.0000000e+01	   3.2386248e+00	   3.3618274e+00	
   2.0033333e+01	   3.4551019e+00	   3.3638770e+00	
   2.0066667e+01	   3.4060496e+00	   3.3662182e+00	
   2.0100000e+01	   3.3672536e+00	   3.3635489e+00	
   2.0133333e+01	   3.3163558e+00	   3.3611823e+00	
   2.0166667e+01	   3.4519418e+00	   3.3620843e+00	
   2.0200000e+01	   3.3868738e+00	   3.3637788e+00	
   2.0233333e+01	   3.3310098e+00	   3.3657914e+00	
   2.0266667e+01	   3.3255421e+00	   3.3678478e+00	
   2.0300000e+01	   3.4532966e+00	   3.3638831e+00	
   2.0333333e+01	   3.2718864e+00	   3.3699080e+00	
   2.0366667e+01	   3.4374468e+00	   3.3643530e+00	
   2.0400000e+01	   3.2301656e+00	   3.3638156e+00	
   2.0433333e+01	   3.4703722e+00	   3.3714505e+00	
   2.0466667e+01	   3.3312610e+00	   3.3647462e+00	
   2.0500000e+01	   3.3200298e+00	   3.3673757e+00	
   2.0533333e+01	   3.3490582e+00	   3.3740539e+00	
   2.0566667e+01	   3.4206379e+00	   3.3657001e+00	
   2.0600000e+01	   3.3202250e+00	   3.3660717e+00	
   2.0633333e+01	   3.3456702e+00	   3.3648450e+00	
   2.0666667e+01	   3.3388122e+00	   3.3690997e+00	
   2.0700000e+01	   3.4790811e+00	   3.3648546e+00	
   2.0733333e+01	   3.3766981e+00	   3.3608980e+00	
   2.0766667e+01	   3.4199046e+00	   3.3639498e+00	
   2.0800000e+01	   3.2805602e+00	   3.3644287e+00	
   2.0833333e+01	   3.4717185e+00	   3.3633780e+00	
   2.0866667e+01	   3.2991984e+00	   3.3636439e+00	
   2.0900000e+01	   3.3269548e+00	   3.3593099e+00	
   2.0933333e+01	   3.5190636e+00	   3.3621362e+00	
   2.0966667e+01	   3.2432474e+00	   3.3611390e+00	
   2.1000000e+01	   3.4046054e+00	   3.3598700e+00	
   2.1033333e+01	   3.4456472e+00	   3.3592060e+00	
   2.1066667e+01	   3.1961343e+00	   3.3553285e+00	
   2.1100000e+01	   3.4175717e+00	   3.3505349e+00	
   2.1133333e+01	   3.3292251e+00	   3.3500042e+00	
   2.1166667e+01	   3.4482497e+00	   3.3490869e+00	
   2.1200000e+01	   3.3203440e+00	   3.3436508e+00	
   2.1233333e+01	   3.2642198e+00	   3.3416008e+00	
   2.1266667e+01	   3.4256144e+00	   3.3327510e+00	
   2.1300000e+01	   3.3403894e+00	   3.3316690e+00	
   2.1333333e+01	   3.4207244e+00	   3.3242977e+00	
   2.1366667e+01	   3.2801293e+00	   3.3201821e+00	
   2.1400000e+01	   3.3030947e+00	   3.3147440e+00	
   2.1433333e+01	   3.3177786e+00	   3.3142987e+00	
   2.1466667e+01	   3.4394597e+00	   3.3079837e+00	
   2.1500000e+01	   3.2919236e+00	   3.3089052e+00	
   2.1533333e+01	   3.2994443e+00	   3.2997242e+00	
   2.1566667e+01	   3.2288544e+00	   3.2913732e+00	
   2.1600000e+01	   3.2720383e+00	   3.2936612e+00	
   2.1633333e+01	   3.3037730e+00	   3.2898351e+00	
   2.1666667e+01	   3.3172326e+00	   3.2884084e+00	
   2.1700000e+01	   3.1702952e+00	   3.2770082e+00	
   2.1733333e+01	   3.4155316e+00	   3.2767903e+00	
   2.1766667e+01	   3.1023513e+00	   3.2739543e+00	
   2.1800000e+01	   3.3863647e+00	   3.2717714e+00	
   2.1833333e+01	   3.0520486e+00	   3.2634281e+00	
   2.1866667e+01	   3.3441365e+00	   3.2597308e+00	
   2.1900000e+01	   3.1306173e+00	   3.2582956e+00	
   2.1933333e+01	   3.3131484e+00	   3.2597380e+00	
   2.1966667e+01	   3.3232995e+00	   3.2524875e+00	
   2.2000000e+01	   3.2718133e+00	   3.2500873e+00	
   2.2033333e+01	   3.1199951e+00	   3.2446054e+00	
   2.2066667e+01	   3.1867652e+00	   3.2464233e+00	
   2.2100000e+01	   3.2670622e+00	   3.2444851e+00	
   2.2133333e+01	   3.2989635e+00	   3.2444361e+00	
   2.2166667e+01	   3.2849983e+00	   3.2454654e+00	
   2.2200000e+01	   3.0948422e+00	   3.2391793e+00	
   2.2233333e+01	   3.3135890e+00	   3.2436628e+00	
   2.2266667e+01	   3.1763047e+00	   3.2371753e+00	
   2.2300000e+01	   3.3579434e+00	   3.2413195e+00	
   2.2333333e+01	   3.0817482e+00	   3.2412304e+00	
   2.2366667e+01	   3.3061080e+00	   3.2416589e+00	
   2.2400000e+01	   3.2356386e+00	   3.2423391e+00	
   2.2433333e+01	   3.3478077e+00	   3.2469049e+00	
   2.2466667e+01	   3.0930128e+00	   3.2480464e+00	
   2.2500000e+01	   3.3650560e+00	   3.2467909e+00	
   2.2533333e+01	   3.1219833e+00	   3.2405723e+00	
   2.2566667e+01	   3.3558004e+00	   3.2509853e+00	
   2.2600000e+01	   3.1687701e+00	   3.2524524e+00	
   2.2633333e+01	   3.2705175e+00	   3.2557848e+00	
   2.2666667e+01	   3.3356832e+00	   3.2546663e+00	
   2.2700000e+01	   3.1223628e+00	   3.2507613e+00	
   2.2733333e+01	   3.3092836e+00	   3.2610775e+00	
   2.2766667e+01	   3.2144185e+00	   3.2611716e+00	
   2.2800000e+01	   3.2308217e+00	   3.2621868e+00	
   2.2833333e+01	   3.3836037e+00	   3.2632737e+00	
   2.2866667e+01	   3.0653318e+00	   3.2680189e+00	
   2.2900000e+01	   3.3652214e+00	   3.2726728e+00	
   2.2933333e+01	   3.2721571e+00	   3.2715689e+00	
   2.2966667e+01	   3.3485359e+00	   3.2654384e+00	
   2.3000000e+01	   3.2843796e+00	   3.2767467e+00	
   2.3033333e+01	   3.0790369e+00	   3.2725058e+00	
   2.3066667e+01	   3.4427965e+00	   3.2773934e+00	
   2.3100000e+01	   3.2322446e+00	   3.2777944e+00	
   2.3133333e+01	   3.3703672e+00	   3.2794244e+00	
   2.3166667e+01	   3.2642893e+00	   3.2823220e+00	
   2.3200000e+01	   3.1639453e+00	   3.2751696e+00	
   2.3233333e+01	   3.4146448e+00	   3.2794121e+00	
   2.3266667e+01	   3.3165039e+00	   3.2764109e+00	
   2.3300000e+01	   3.2077771e+00	   3.2806137e+00	
   2.3333333e+01	   3.3916383e+00	   3.2768415e+00	
   2.3366667e+01	   3.2288498e+00	   3.2756270e+00	
   2.3400000e+01	   3.4503765e+00	   3.2789798e+00	
   2.3433333e+01	   3.2014187e+00	   3.2719209e+00	
   2.3466667e+01	   3.1577621e+00	   3.2712994e+00	
   2.3500000e+01	   3.4435695e+00	   3.2715640e+00	
   2.3533333e+01	   3.2335876e+00	   3.2650292e+00	
   2.3566667e+01	   3.2735006e+00	   3.2711757e+00	
   2.3600000e+01	   3.3682310e+00	   3.2616757e+00	
   2.3633333e+01	   3.2193014e+00	   3.2626777e+00	
   2.3666667e+01	   3.3603417e+00	   3.2600905e+00	
   2.3700000e+01	   3.1139576e+00	   3.2590391e+00	
   2.3733333e+01	   3.2538829e+00	   3.2639093e+00	
   2.3766667e+01	   3.2162463e+00	   3.2609209e+00	
   2.3800000e+01	   3.3447032e+00	   3.2572866e+00	
   2.3833333e+01	   3.1138845e+00	   3.2592970e+00	
   2.3866667e+01	   3.3459534e+00	   3.2626944e+00	
   2.3900000e+01	   3.1692684e+00	   3.2596950e+00	
   2.3933333e+01	   3.1463976e+00	   3.2531475e+00	
   2.3966667e+01	   3.2528886e+00	   3.2618920e+00	
   2.4000000e+01	   3.3567377e+00	   3.2668708e+00	
   2.4033333e+01	   3.0818013e+00	   3.2604172e+00	
   2.4066667e+01	   3.2695788e+00	   3.2659223e+00	
   2.4100000e+01	   3.1482958e+00	   3.2652619e+00	
   2.4133333e+01	   3.2633063e+00	   3.2651521e+00	
   2.4166667e+01	   3.2901665e+00	   3.2718304e+00	
   2.4200000e+01	   3.2316960e+00	   3.2728891e+00	
   2.4233333e+01	   3.3149191e+00	   3.2829712e+00	
   2.4266667e+01	   3.3220059e+00	   3.2885674e+00	
   2.4300000e+01	   3.2038406e+00	   3.2988308e+00	
   2.4333333e+01	   3.2700985e+00	   3.3013941e+00	
   2.4366667e+01	   3.4969571e+00	   3.3133996e+00	
   2.4400000e+01	   3.1358713e+00	   3.3195196e+00	
   2.4433333e+01	   3.2474037e+00	   3.3268329e+00	
   2.4466667e+01	   3.4724978e+00	   3.3354152e+00	
   2.4500000e+01	   3.3121033e+00	   3.3446950e+00	
   2.4533333e+01	   3.2435083e+00	   3.3479123e+00	
   2.4566667e+01	   3.4042455e+00	   3.3618249e+00	
   2.4600000e+01	   3.2530281e+00	   3.3684624e+00	
   2.4633333e+01	   3.3648284e+00	   3.3802950e+00	
   2.4666667e+01	   3.4263268e+00	   3.3870266e+00	
   2.4700000e+01	   3.3931636e+00	   3.3953034e+00	
   2.4733333e+01	   3.4265018e+00	   3.4022985e+00	
   2.4766667e+01	   3.4273645e+00	   3.4090509e+00	
   2.4800000e+01	   3.5344135e+00	   3.4111146e+00	
   2.4833333e+01	   3.4241656e+00	   3.4182372e+00	
   2.4866667e+01	   3.4860552e+00	   3.4230640e+00	
   2.4900000e+01	   3.5356725e+00	   3.4223993e+00	
   2.4933333e+01	   3.3959808e+00	   3.4331053e+00	
   2.4966667e+01	   3.4124484e+00	   3.4430276e+00	
   2.5000000e+01	   3.5405626e+00	   3.4386609e+00	
   2.5033333e+01	   3.4564728e+00	   3.4425068e+00	
   2.5066667e+01	   3.5130926e+00	   3.4509357e+00	
   2.5100000e+01	   3.4753430e+00	   3.4465561e+00	
   2.5133333e+01	   3.5151048e+00	   3.4519495e+00	
   2.5166667e+01	   3.4719859e+00	   3.4565396e+00	
   2.5200000e+01	   3.5467461e+00	   3.4496652e+00	
   2.5233333e+01	   3.4485460e+00	   3.4565153e+00	
   2.5266667e+01	   3.5242420e+00	   3.4560470e+00	
   2.5300000e+01	   3.3859804e+00	   3.4526861e+00	
   2.5333333e+01	   3.4246428e+00	   3.4457042e+00	
   2.5366667e+01	   3.4197279e+00	   3.4440450e+00	
   2.5400000e+01	   3.4763533e+00	   3.4421296e+00	
   2.5433333e+01	   3.4677577e+00	   3.4369537e+00	
   2.5466667e+01	   3.5549921e+00	   3.4383770e+00	
   2.5500000e+01	   3.3371308e+00	   3.4365981e+00	
   2.5533333e+01	   3.4313283e+00	   3.4281186e+00	
   2.5566667e+01	   3.5048020e+00	   3.4291272e+00	
   2.5600000e+01	   3.2684792e+00	   3.4238192e+00	
   2.5633333e+01	   3.4202235e+00	   3.4195022e+00	
   2.5666667e+01	   3.5071201e+00	   3.4143990e+00	
   2.5700000e+01	   3.2132228e+00	   3.4095076e+00	
   2.5733333e+01	   3.6055162e+00	   3.4061941e+00	
   2.5766667e+01	   3.4119835e+00	   3.4010323e+00	
   2.5800000e+01	   3.3231760e+00	   3.3992421e+00	
   2.5833333e+01	   3.3179741e+00	   3.3967197e+00	
   2.5866667e+01	   3.3727324e+00	   3.3951381e+00	
   2.5900000e+01	   3.4266766e+00	   3.3949123e+00	
   2.5933333e+01	   3.3752190e+00	   3.3913019e+00	
   2.5966667e+01	   3.4401030e+00	   3.3868186e+00	
   2.6000000e+01	   3.3573023e+00	   3.3843345e+00	
   2.6033333e+01	   3.2776985e+00	   3.3829260e+00	
   2.6066667e+01	   3.4877395e+00	   3.3847548e+00	
   2.6100000e+01	   3.3485449e+00	   3.3771268e+00	
   2.6133333e+01	   3.3415158e+00	   3.3838848e+00	
   2.6166667e+01	   3.3569048e+00	   3.3812723e+00	
   2.6200000e+01	   3.3203545e+00	   3.3712874e+00	
   2.6233333e+01	   3.4440275e+00	   3.3811680e+00	
   2.6266667e+01	   3.2885308e+00	   3.3676384e+00	
   2.6300000e+01	   3.4687453e+00	   3.3697042e+00	
   2.6333333e+01	   3.3077869e+00	   3.3648276e+00	
   2.6366667e+01	   3.3756131e+00	   3.3738959e+00	
   2.6400000e+01	   3.4127270e+00	   3.3703641e+00	
   2.6433333e+01	   3.3644295e+00	   3.3675256e+00	
   2.6466667e+01	   3.3287771e+00	   3.3674111e+00	
   2.6500000e+01	   3.4779831e+00	   3.3608340e+00	
   2.6533333e+01	   3.2934675e+00	   3.3633158e+00	
   2.6566667e+01	   3.4880220e+00	   3.3640864e+00	
   2.6600000e+01	   3.2683341e+00	   3.3590746e+00	
   2.6633333e+01	   3.4779760e+00	   3.3610273e+00	
   2.6666667e+01	   3.3392367e+00	   3.3628554e+00	
   2.6700000e+01	   3.1975876e+00	   3.3613429e+00	
   2.6733333e+01	   3.5195238e+00	   3.3632584e+00	
   2.6766667e+01	   3.1860968e+00	   3.3617384e+00	
   2.6800000e+01	   3.4760244e+00	   3.3633015e+00	
   2.6833333e+01	   3.1720008e+00	   3.3618288e+00	
   2.6866667e+01	   3.5990910e+00	   3.3631172e+00	
   2.6900000e+01	   3.2632484e+00	   3.3656140e+00	
   2.6933333e+01	   3.3386827e+00	   3.3630537e+00	
   2.6966667e+01	   3.3716692e+00	   3.3633342e+00	
   2.7000000e+01	   3.2362135e+00	   3.3672472e+00	
   2.7033333e+01	   3.4342376e+00	   3.3665696e+00	
   2.7066667e+01	   3.3015852e+00	   3.3641748e+00	
   2.7100000e+01	   3.3323748e+00	   3.3660467e+00	
   2.7133333e+01	   3.4090784e+00	   3.3687814e+00	
   2.7166667e+01	   3.3981879e+00	   3.3648009e+00	
   2.7200000e+01	   3.3100173e+00	   3.3740417e+00	
   2.7233333e+01	   3.3797355e+00	   3.3740443e+00	
   2.7266667e+01	   3.3969066e+00	   3.3730329e+00	
   2.7300000e+01	   3.3369866e+00	   3.3805016e+00	
   2.7333333e+01	   3.4230913e+00	   3.3764723e+00	
   2.7366667e+01	   3.3477270e+00	   3.3873210e+00	
   2.7400000e+01	   3.4530148e+00	   3.3819011e+00	
   2.7433333e+01	   3.3333567e+00	   3.3846521e+00	
   2.7466667e+01	   3.3731251e+00	   3.3859000e+00	
   2.7500000e+01	   3.4500814e+00	   3.3907889e+00	
   2.7533333e+01	   3.4569782e+00	   3.3929361e+00	
   2.7566667e+01	   3.2192267e+00	   3.3926322e+00	
   2.7600000e+01	   3.5460505e+00	   3.4019299e+00	
   2.7633333e+01	   3.3531101e+00	   3.3976840e+00	
   2.7666667e+01	   3.3545799e+00	   3.3982908e+00	
   2.7700000e+01	   3.6257036e+00	   3.4056102e+00	
   2.7733333e+01	   3.1976690e+00	   3.4070869e+00	
   2.7766667e+01	   3.4881682e+00	   3.4070181e+00	
   2.7800000e+01	   3.4176287e+00	   3.4138707e+00	
   2.7833333e+01	   3.3511150e+00	   3.4112483e+00	
   2.7866667e+01	   3.5083114e+00	   3.4150232e+00	
   2.7900000e+01	   3.4310730e+00	   3.4225392e+00	
   2.7933333e+01	   3.3485293e+00	   3.4170977e+00	
   2.7966667e+01	   3.3773677e+00	   3.4220174e+00	
   2.8000000e+01	   3.5232253e+00	   3.4315751e+00	
   2.8033333e+01	   3.3027776e+00	   3.4273336e+00	
   2.8066667e+01	   3.4248157e+00	   3.4239845e+00	
   2.8100000e+01	   3.5898148e+00	   3.4340334e+00	
   2.8133333e+01	   3.2007500e+00	   3.4289130e+00	
   2.8166667e+01	   3.4278886e+00	   3.4317077e+00	
   2.8200000e+01	   3.6250897e+00	   3.4364346e+00	
   2.8233333e+01	   3.3557949e+00	   3.4314909e+00	
   2.8266667e+01	   3.3776027e+00	   3.4330221e+00	
   2.8300000e+01	   3.6093381e+00	   3.4358970e+00	
   2.8333333e+01	   3.2556926e+00	   3.4347449e+00	
   2.8366667e+01	   3.5401141e+00	   3.4348315e+00	
   2.8400000e+01	   3.5807223e+00	   3.4328646e+00	
   2.8433333e+01	   3.2843271e+00	   3.4355186e+00	
   2.8466667e+01	   3.4858679e+00	   3.4388255e+00	
   2.8500000e+01	   3.6694126e+00	   3.4373439e+00	
   2.8533333e+01	   3.3185971e+00	   3.4356500e+00	
   2.8566667e+01	   3.3531541e+00	   3.4395701e+00	
   2.8600000e+01	   3.5307429e+00	   3.4292558e+00	
   2.8633333e+01	   3.3873204e+00	   3.4308287e+00	
   2.8666667e+01	   3.4397434e+00	   3.4349234e+00	
   2.8700000e+01	   3.5011148e+00	   3.4299221e+00	
   2.8733333e+01	   3.4724484e+00	   3.4258541e+00	
   2.8766667e+01	   3.2451376e+00	   3.4239875e+00	
   2.8800000e+01	   3.5772901e+00	   3.4212318e+00	
   2.8833333e+01	   3.3819126e+00	   3.4167699e+00	
   2.8866667e+01	   3.3537995e+00	   3.4227619e+00	
   2.8900000e+01	   3.4473381e+00	   3.4121619e+00	
   2.8933333e+01	   3.5133472e+00	   3.4062446e+00	
   2.8966667e+01	   3.4510425e+00	   3.4097627e+00	
   2.9000000e+01	   3.3314392e+00	   3.4075703e+00	
   2.9033333e+01	   3.4707132e+00	   3.3935822e+00	
   2.9066667e+01	   3.4242998e+00	   3.4000276e+00	
   2.9100000e+01	   3.1050740e+00	   3.3941124e+00	
   2.9133333e+01	   3.6385754e+00	   3.3870914e+00	
   2.9166667e+01	   3.3276832e+00	   3.3907408e+00	
   2.9200000e+01	   3.2728502e+00	   3.3864711e+00	
   2.9233333e+01	   3.4989814e+00	   3.3801576e+00	
   2.9266667e+01	   3.2979312e+00	   3.3791741e+00	
   2.9300000e+01	   3.2921752e+00	   3.3850706e+00	
   2.9333333e+01	   3.4710198e+00	   3.3734069e+00	
   2.9366667e+01	   3.4414433e+00	   3.3764523e+00	
   2.9400000e+01	   3.2115140e+00	   3.3737392e+00	
   2.9433333e+01	   3.3972857e+00	   3.3711620e+00	
   2.9466667e+01	   3.3933891e+00	   3.3645908e+00	
   2.9500000e+01	   3.4179019e+00	   3.3671168e+00	
   2.9533333e+01	   3.2357816e+00	   3.3656975e+00	
   2.9566667e+01	   3.5184070e+00	   3.3615619e+00	
   2.9600000e+01	   3.1697804e+00	   3.3614335e+00	
   2.9633333e+01	   3.3130931e+00	   3.3662737e+00	
   2.9666667e+01	   3.5004529e+00	   3.3574798e+00	
   2.9700000e+01	   3.3073819e+00	   3.3588609e+00	
   2.9733333e+01	   3.3053970e+00	   3.3605789e+00	
   2.9766667e+01	   3.4419600e+00	   3.3571477e+00	
   2.9800000e+01	   3.4279266e+00	   3.3581511e+00	
   2.9833333e+01	   3.2157159e+00	   3.3642687e+00	
   2.9866667e+01	   3.4763205e+00	   3.3551634e+00	
   2.9900000e+01	   3.2696933e+00	   3.3537782e+00	
   2.9933333e+01	   3.3674451e+00	   3.3632851e+00	
   2.9966667e+01	   3.3096399e+00	   3.3591724e+00	
   3.0000000e+01	   3.5293497e+00	   3.3578336e+00	
   3.0033333e+01	   3.2874395e+00	   3.3581214e+00	
   3.0066667e+01	   3.3425112e+00	   3.3601604e+00	
   3.0100000e+01	   3.4203183e+00	   3.3506987e+00	
   3.0133333e+01	   3.2551198e+00	   3.3599212e+00	
   3.0166667e+01	   3.3659648e+00	   3.3642514e+00	
   3.0200000e+01	   3.3704971e+00	   3.3544288e+00	
   3.0233333e+01	   3.3261081e+00	   3.3610064e+00	
   3.0266667e+01	   3.3926154e+00	   3.3608314e+00	
   3.0300000e+01	   3.3290364e+00	   3.3567903e+00	
   3.0333333e+01	   3.4818196e+00	   3.3557958e+00	
   3.0366667e+01	   3.1887553e+00	   3.3597145e+00	
   3.0400000e+01	   3.3985031e+00	   3.3552376e+00	
   3.0433333e+01	   3.5062277e+00	   3.3577642e+00	
   3.0466667e+01	   3.2697915e+00	   3.3592434e+00	
   3.0500000e+01	   3.3518864e+00	   3.3581683e+00	
   3.0533333e+01	   3.4268240e+00	   3.3512481e+00	
   3.0566667e+01	   3.2989920e+00	   3.3584208e+00	
   3.0600000e+01	   3.2250947e+00	   3.3561578e+00	
   3.0633333e+01	   3.4556754e+00	   3.3543274e+00	
   3.0666667e+01	   3.4473301e+00	   3.3618349e+00	
   3.0700000e+01	   3.1959512e+00	   3.3575385e+00	
   3.0733333e+01	   3.5112874e+00	   3.3583719e+00	
   3.0766667e+01	   3.2999733e+00	   3.3589169e+00	
   3.0800000e+01	   3.3166870e+00	   3.3563451e+00	
   3.0833333e+01	   3.3970968e+00	   3.3559480e+00	
   3.0866667e+01	   3.3371952e+00	   3.3521689e+00	
   3.0900000e+01	   3.3375370e+00	   3.3542484e+00	
   3.0933333e+01	   3.3480167e+00	   3.3526160e+00	
   3.0966667e+01	   3.4132993e+00	   3.3453705e+00	
   3.1000000e+01	   3.2763138e+00	   3.3483963e+00	
   3.1033333e+01	   3.3148226e+00	   3.3467031e+00	
   3.1066667e+01	   3.5097938e+00	   3.3460761e+00	
   3.1100000e+01	   3.2723579e+00	   3.3460646e+00	
   3.1133333e+01	   3.3635762e+00	   3.3484467e+00	
   3.1166667e+01	   3.4878531e+00	   3.3449112e+00	
   3.1200000e+01	   3.2327762e+00	   3.3387420e+00	
   3.1233333e+01	   3.3963316e+00	   3.3444872e+00	
   3.1266667e+01	   3.3430020e+00	   3.3351782e+00	
   3.1300000e+01	   3.3128894e+00	   3.3375519e+00	
   3.1333333e+01	   3.3167283e+00	   3.3382595e+00	
   3.1366667e+01	   3.3646682e+00	   3.3344625e+00	
   3.1400000e+01	   3.2532185e+00	   3.3335325e+00	
   3.1433333e+01	   3.3478983e+00	   3.3339618e+00	
   3.1466667e+01	   3.2816179e+00	   3.3341607e+00	
   3.1500000e+01	   3.3635911e+00	   3.3294588e+00	
   3.1533333e+01	   3.2993977e+00	   3.3296064e+00	
   3.1566667e+01	   3.4073864e+00	   3.3291374e+00	
   3.1600000e+01	   3.2986351e+00	   3.3204929e+00	
   3.1633333e+01	   3.2989403e+00	   3.3170363e+00	
   3.1666667e+01	   3.3460758e+00	   3.3195329e+00	
   3.1700000e+01	   3.2560830e+00	   3.3165627e+00	
   3.1733333e+01	   3.3740527e+00	   3.3089862e+00	
   3.1766667e+01	   3.2227091e+00	   3.3068491e+00	
   3.1800000e+01	   3.3735569e+00	   3.3082955e+00	
   3.1833333e+01	   3.3386227e+00	   3.3071676e+00	
   3.1866667e+01	   3.2793912e+00	   3.3078004e+00	
   3.1900000e+01	   3.3083637e+00	   3.3041406e+00	
   3.1933333e+01	   3.3508456e+00	   3.2981387e+00	
   3.1966667e+01	   3.3541839e+00	   3.2987186e+00	
   3.2000000e+01	   3.2675410e+00	   3.2979621e+00	
   3.2033333e+01	   3.2808875e+00	   3.2926881e+00	
   3.2066667e+01	   3.3002838e+00	   3.2866650e+00	
   3.2100000e+01	   3.2418143e+00	   3.2751739e+00	
   3.2133333e+01	   3.1652037e+00	   3.2734077e+00	
   3.2166667e+01	   3.4409711e+00	   3.2668647e+00	
   3.2200000e+01	   3.3957766e+00	   3.2640677e+00	
   3.2233333e+01	   2.9979034e+00	   3.2524318e+00	
   3.2266667e+01	   3.3300825e+00	   3.2482792e+00	
   3.2300000e+01	   3.3878423e+00	   3.2448074e+00	
   3.2333333e+01	   3.2779236e+00	   3.2440156e+00	
   3.2366667e+01	   3.3363445e+00	   3.2447303e+00	
   3.2400000e+01	   3.2512132e+00	   3.2424134e+00	
   3.2433333e+01	   3.0671598e+00	   3.2427577e+00	
   3.2466667e+01	   3.3658769e+00	   3.2440161e+00	
   3.2500000e+01	   3.2581644e+00	   3.2439916e+00	
   3.2533333e+01	   3.2000990e+00	   3.2496493e+00	
   3.2566667e+01	   3.1126825e+00	   3.2473826e+00	
   3.2600000e+01	   3.0511621e+00	   3.2495257e+00	
   3.2633333e+01	   3.2438829e+00	   3.2520647e+00	
   3.2666667e+01	   3.0961050e+00	   3.2552864e+00	
   3.2700000e+01	   3.2593688e+00	   3.2502390e+00	
   3.2733333e+01	   2.8953716e+00	   3.2467941e+00	
   3.2766667e+01	   3.2453225e+00	   3.2612054e+00	
   3.2800000e+01	   3.1150834e+00	   3.2637134e+00	
   3.2833333e+01	   3.3490092e+00	   3.2625600e+00	
   3.2866667e+01	   3.3607794e+00	   3.2620479e+00	
   3.2900000e+01	   3.2075685e+00	   3.2594859e+00	
   3.2933333e+01	   3.3190370e+00	   3.2597814e+00	
   3.2966667e+01	   3.3898553e+00	   3.2669155e+00	
   3.3000000e+01	   3.3534229e+00	   3.2631093e+00	
   3.3033333e+01	   3.4429316e+00	   3.2633071e+00	
   3.3066667e+01	   3.2106186e+00	   3.2659408e+00	
   3.3100000e+01	   3.3667206e+00	   3.2726042e+00	
   3.3133333e+01	   3.3205220e+00	   3.2826697e+00	
   3.3166667e+01	   3.2650771e+00	   3.2845167e+00	
   3.3200000e+01	   3.2845006e+00	   3.2939373e+00	
   3.3233333e+01	   3.2889851e+00	   3.2957567e+00	
   3.3266667e+01	   3.4446550e+00	   3.3180003e+00	
   3.3300000e+01	   3.4078298e+00	   3.3222755e+00	
   3.3333333e+01	   3.3520873e+00	   3.3352250e+00	
