   0.0000000e+00	   8.0000000e-01	   0.0000000e+00	
   1.2500000e+02	   8.0116888e-01	   2.4952593e-05	
   2.5000000e+02	   8.0483339e-01	   4.9599468e-05	
   3.7500000e+02	   8.1098137e-01	   7.3628153e-05	
   5.0000000e+02	   8.1958873e-01	   9.6731351e-05	
   6.2500000e+02	   8.3061926e-01	   1.1860657e-04	
   7.5000000e+02	   8.4402458e-01	   1.3895049e-04	
   8.7500000e+02	   8.5973367e-01	   1.5746924e-04	
   1.0000000e+03	   8.7764923e-01	   1.7388329e-04	
   1.0880252e+03	   8.9152274e-01	   1.8403462e-04	
   1.1760504e+03	   9.0637421e-01	   1.9292020e-04	
   1.2640756e+03	   9.2213859e-01	   2.0045661e-04	
   1.3521008e+03	   9.3873988e-01	   2.0656740e-04	
   1.4401260e+03	   9.5609056e-01	   2.1118333e-04	
   1.5281512e+03	   9.7408977e-01	   2.1424204e-04	
   1.6161764e+03	   9.9262330e-01	   2.1569130e-04	
   1.7042016e+03	   1.0115636e+00	   2.1549030e-04	
   1.7831038e+03	   1.0287713e+00	   2.1388333e-04	
   1.8620061e+03	   1.0460813e+00	   2.1091391e-04	
   1.9409083e+03	   1.0633743e+00	   2.0657861e-04	
   2.0198106e+03	   1.0805242e+00	   2.0088409e-04	
   2.0939969e+03	   1.0963998e+00	   1.9430496e-04	
   2.1681832e+03	   1.1119160e+00	   1.8656119e-04	
   2.2423695e+03	   1.1269549e+00	   1.7768383e-04	
   2.3165558e+03	   1.1413976e+00	   1.6771286e-04	
   2.3883754e+03	   1.1546990e+00	   1.5706404e-04	
   2.4601950e+03	   1.1672217e+00	   1.4548810e-04	
   2.5320146e+03	   1.1788612e+00	   1.3304478e-04	
   2.6038342e+03	   1.1895178e+00	   1.1980110e-04	
   2.6752910e+03	   1.1990517e+00	   1.0590330e-04	
   2.7467478e+03	   1.2074332e+00	   9.1366082e-05	
   2.8182046e+03	   1.2145852e+00	   7.6274646e-05	
   2.8896614e+03	   1.2204414e+00	   6.0719085e-05	
   2.9632767e+03	   1.2250610e+00	   4.4308085e-05	
   3.0368921e+03	   1.2281992e+00	   2.7612725e-05	
   3.1105074e+03	   1.2298239e+00	   1.0743418e-05	
   3.1841228e+03	   1.2299187e+00	  -6.1881194e-06	
   3.2646027e+03	   1.2282714e+00	  -2.4637138e-05	
   3.3450827e+03	   1.2248159e+00	  -4.2878797e-05	
   3.4255627e+03	   1.2195947e+00	  -6.0768955e-05	
   3.5060426e+03	   1.2126717e+00	  -7.8168690e-05	
   3.6171903e+03	   1.2004699e+00	  -1.0114801e-04	
   3.7283380e+03	   1.1854597e+00	  -1.2260874e-04	
   3.8394857e+03	   1.1679650e+00	  -1.4225492e-04	
   3.9506334e+03	   1.1483483e+00	  -1.5983334e-04	
   4.0396559e+03	   1.1313695e+00	  -1.7227693e-04	
   4.1286783e+03	   1.1134862e+00	  -1.8316616e-04	
   4.2177007e+03	   1.0949048e+00	  -1.9242934e-04	
   4.3067231e+03	   1.0758274e+00	  -2.0001392e-04	
   4.3802441e+03	   1.0598381e+00	  -2.0498709e-04	
   4.4537650e+03	   1.0437513e+00	  -2.0878021e-04	
   4.5272860e+03	   1.0276681e+00	  -2.1138985e-04	
   4.6008070e+03	   1.0116838e+00	  -2.1281988e-04	
   4.6721568e+03	   9.9635020e-01	  -2.1308997e-04	
   4.7435067e+03	   9.8126926e-01	  -2.1227468e-04	
   4.8148565e+03	   9.6651088e-01	  -2.1039458e-04	
   4.8862064e+03	   9.5213867e-01	  -2.0747499e-04	
   4.9580911e+03	   9.3810769e-01	  -2.0351248e-04	
   5.0299759e+03	   9.2458080e-01	  -1.9855956e-04	
   5.1018607e+03	   9.1160591e-01	  -1.9265426e-04	
   5.1737454e+03	   8.9922529e-01	  -1.8583780e-04	
   5.2480893e+03	   8.8708568e-01	  -1.7787665e-04	
   5.3224333e+03	   8.7565757e-01	  -1.6903993e-04	
   5.3967772e+03	   8.6497229e-01	  -1.5938180e-04	
   5.4711211e+03	   8.5505648e-01	  -1.4895844e-04	
   5.5491635e+03	   8.4549970e-01	  -1.3725676e-04	
   5.6272059e+03	   8.3683769e-01	  -1.2484503e-04	
   5.7052482e+03	   8.2908885e-01	  -1.1179394e-04	
   5.7832906e+03	   8.2226799e-01	  -9.8175256e-05	
   5.8663834e+03	   8.1603883e-01	  -8.3133111e-05	
   5.9494762e+03	   8.1088647e-01	  -6.7619364e-05	
   6.0325690e+03	   8.0681978e-01	  -5.1724042e-05	
   6.1156618e+03	   8.0384500e-01	  -3.5537467e-05	
   6.2060643e+03	   8.0185350e-01	  -1.7702132e-05	
   6.2964668e+03	   8.0116281e-01	   2.5276026e-07	
   6.3868692e+03	   8.0177403e-01	   1.8209299e-05	
   6.4772717e+03	   8.0368573e-01	   3.6050147e-05	
   6.5805257e+03	   8.0745513e-01	   5.6136049e-05	
   6.6837797e+03	   8.1290738e-01	   7.5743518e-05	
   6.7870337e+03	   8.2002839e-01	   9.4699006e-05	
   6.8902877e+03	   8.2879762e-01	   1.1283201e-04	
   7.0051472e+03	   8.4045501e-01	   1.3183281e-04	
   7.1200067e+03	   8.5406823e-01	   1.4937911e-04	
   7.2348662e+03	   8.6956982e-01	   1.6524918e-04	
   7.3497257e+03	   8.8687163e-01	   1.7923285e-04	
   7.4362021e+03	   9.0101985e-01	   1.8839517e-04	
   7.5226784e+03	   9.1606875e-01	   1.9629367e-04	
   7.6091547e+03	   9.3195060e-01	   2.0285323e-04	
   7.6956310e+03	   9.4858703e-01	   2.0800572e-04	
   7.7821073e+03	   9.6588864e-01	   2.1169027e-04	
   7.8685836e+03	   9.8375332e-01	   2.1385304e-04	
   7.9550599e+03	   1.0020665e+00	   2.1445013e-04	
   8.0415362e+03	   1.0207013e+00	   2.1344883e-04	
   8.1196928e+03	   1.0377044e+00	   2.1115061e-04	
   8.1978494e+03	   1.0547449e+00	   2.0752141e-04	
   8.2760060e+03	   1.0717037e+00	   2.0256291e-04	
   8.3541626e+03	   1.0884559e+00	   1.9628669e-04	
   8.4279944e+03	   1.1039733e+00	   1.8916661e-04	
   8.5018262e+03	   1.1190751e+00	   1.8091602e-04	
   8.5756580e+03	   1.1336450e+00	   1.7156995e-04	
   8.6494899e+03	   1.1475665e+00	   1.6117209e-04	
   8.7212315e+03	   1.1603626e+00	   1.5011055e-04	
   8.7929732e+03	   1.1723316e+00	   1.3816094e-04	
   8.8647149e+03	   1.1833723e+00	   1.2538630e-04	
   8.9364566e+03	   1.1933892e+00	   1.1185663e-04	
   9.0081332e+03	   1.2022854e+00	   9.7661760e-05	
   9.0798098e+03	   1.2099889e+00	   8.2872705e-05	
   9.1514864e+03	   1.2164280e+00	   6.7577643e-05	
   9.2231630e+03	   1.2215423e+00	   5.1869214e-05	
   9.2974438e+03	   1.2253924e+00	   3.5257087e-05	
   9.3717246e+03	   1.2277272e+00	   1.8416518e-05	
   9.4460054e+03	   1.2285221e+00	   1.4611669e-06	
   9.5202862e+03	   1.2277694e+00	  -1.5494630e-05	
   9.6025246e+03	   1.2251413e+00	  -3.4129270e-05	
   9.6847629e+03	   1.2206608e+00	  -5.2469414e-05	
   9.7670013e+03	   1.2143851e+00	  -7.0364718e-05	
   9.8492397e+03	   1.2063935e+00	  -8.7671480e-05	
   9.9371738e+03	   1.1960627e+00	  -1.0537145e-04	
   1.0025108e+04	   1.1840281e+00	  -1.2208513e-04	
   1.0113042e+04	   1.1704515e+00	  -1.3766931e-04	
   1.0200976e+04	   1.1555099e+00	  -1.5199704e-04	
   1.0288910e+04	   1.1393915e+00	  -1.6495729e-04	
   1.0376844e+04	   1.1222919e+00	  -1.7645447e-04	
   1.0464779e+04	   1.1044084e+00	  -1.8641062e-04	
   1.0552713e+04	   1.0859361e+00	  -1.9476598e-04	
   1.0626903e+04	   1.0700345e+00	  -2.0053852e-04	
   1.0701094e+04	   1.0539620e+00	  -2.0512396e-04	
   1.0775285e+04	   1.0378254e+00	  -2.0851356e-04	
   1.0849476e+04	   1.0217254e+00	  -2.1070644e-04	
   1.0920988e+04	   1.0063302e+00	  -2.1169348e-04	
   1.0992500e+04	   9.9113698e-01	  -2.1158638e-04	
   1.1064011e+04	   9.7621958e-01	  -2.1040227e-04	
   1.1135523e+04	   9.6164558e-01	  -2.0816333e-04	
   1.1207309e+04	   9.4742328e-01	  -2.0488207e-04	
   1.1279094e+04	   9.3366598e-01	  -2.0059656e-04	
   1.1350879e+04	   9.2042482e-01	  -1.9534211e-04	
   1.1422664e+04	   9.0774520e-01	  -1.8915739e-04	
   1.1496576e+04	   8.9531901e-01	  -1.8186163e-04	
   1.1570487e+04	   8.8356942e-01	  -1.7367287e-04	
   1.1644398e+04	   8.7253025e-01	  -1.6464244e-04	
   1.1718310e+04	   8.6223046e-01	  -1.5482391e-04	
   1.1795734e+04	   8.5226083e-01	  -1.4375414e-04	
   1.1873158e+04	   8.4315380e-01	  -1.3194667e-04	
   1.1950582e+04	   8.3492974e-01	  -1.1946922e-04	
   1.2028006e+04	   8.2760520e-01	  -1.0639072e-04	
   1.2110220e+04	   8.2082712e-01	  -9.1923498e-05	
   1.2192434e+04	   8.1509149e-01	  -7.6943065e-05	
   1.2274647e+04	   8.1040861e-01	  -6.1535726e-05	
   1.2356861e+04	   8.0678603e-01	  -4.5788205e-05	
   1.2445910e+04	   8.0406452e-01	  -2.8448717e-05	
   1.2534959e+04	   8.0259791e-01	  -1.0924356e-05	
   1.2624008e+04	   8.0238866e-01	   6.6727755e-06	
   1.2713057e+04	   8.0343674e-01	   2.4230974e-05	
   1.2813589e+04	   8.0612803e-01	   4.3866972e-05	
   1.2914121e+04	   8.1041316e-01	   6.3150105e-05	
   1.3014653e+04	   8.1628190e-01	   8.1920211e-05	
   1.3115185e+04	   8.2371873e-01	   1.0001948e-04	
   1.3252247e+04	   8.3634413e-01	   1.2333554e-04	
   1.3389308e+04	   8.5177199e-01	   1.4472369e-04	
   1.3526370e+04	   8.6989658e-01	   1.6380469e-04	
   1.3663432e+04	   8.9057091e-01	   1.8022275e-04	
   1.3749432e+04	   9.0476151e-01	   1.8901432e-04	
   1.3835432e+04	   9.1982308e-01	   1.9654670e-04	
   1.3921431e+04	   9.3568693e-01	   2.0274778e-04	
   1.4007431e+04	   9.5227391e-01	   2.0755248e-04	
   1.4093430e+04	   9.6949405e-01	   2.1090296e-04	
   1.4179430e+04	   9.8724491e-01	   2.1274848e-04	
   1.4265430e+04	   1.0054120e+00	   2.1304818e-04	
   1.4351429e+04	   1.0238690e+00	   2.1177224e-04	
   1.4429368e+04	   1.0407311e+00	   2.0923901e-04	
   1.4507307e+04	   1.0576063e+00	   2.0539046e-04	
   1.4585246e+04	   1.0743761e+00	   2.0023016e-04	
   1.4663184e+04	   1.0909164e+00	   1.9377146e-04	
   1.4736942e+04	   1.1062409e+00	   1.8648419e-04	
   1.4810700e+04	   1.1211300e+00	   1.7808254e-04	
   1.4884458e+04	   1.1354688e+00	   1.6860288e-04	
   1.4958216e+04	   1.1491420e+00	   1.5809019e-04	
   1.5029994e+04	   1.1617003e+00	   1.4691861e-04	
   1.5101772e+04	   1.1734162e+00	   1.3487614e-04	
   1.5173551e+04	   1.1841902e+00	   1.2202690e-04	
   1.5245329e+04	   1.1939286e+00	   1.0844183e-04	
   1.5317163e+04	   1.2025507e+00	   9.4186989e-05	
   1.5388997e+04	   1.2099690e+00	   7.9356763e-05	
   1.5460832e+04	   1.2161139e+00	   6.4040250e-05	
   1.5532666e+04	   1.2209277e+00	   4.8330833e-05	
   1.5607290e+04	   1.2244693e+00	   3.1699625e-05	
   1.5681913e+04	   1.2264875e+00	   1.4862265e-05	
   1.5756537e+04	   1.2269611e+00	  -2.0665746e-06	
   1.5831160e+04	   1.2258853e+00	  -1.8971801e-05	
   1.5914220e+04	   1.2228810e+00	  -3.7620238e-05	
   1.5997279e+04	   1.2180121e+00	  -5.5939436e-05	
   1.6080339e+04	   1.2113413e+00	  -7.3776752e-05	
   1.6163399e+04	   1.2029542e+00	  -9.0986785e-05	
   1.6252417e+04	   1.1921802e+00	  -1.0857889e-04	
   1.6341436e+04	   1.1797088e+00	  -1.2513331e-04	
   1.6430455e+04	   1.1657106e+00	  -1.4050604e-04	
   1.6519473e+04	   1.1503701e+00	  -1.5457026e-04	
   1.6608492e+04	   1.1338831e+00	  -1.6721596e-04	
   1.6697511e+04	   1.1164517e+00	  -1.7834935e-04	
   1.6786530e+04	   1.0982786e+00	  -1.8789505e-04	
   1.6875548e+04	   1.0795636e+00	  -1.9579651e-04	
   1.6949560e+04	   1.0637316e+00	  -2.0108575e-04	
   1.7023572e+04	   1.0477685e+00	  -2.0519744e-04	
   1.7097584e+04	   1.0317775e+00	  -2.0812567e-04	
   1.7171597e+04	   1.0158561e+00	  -2.0987213e-04	
   1.7243154e+04	   1.0006147e+00	  -2.1044522e-04	
   1.7314711e+04	   9.8560095e-01	  -2.0993544e-04	
   1.7386269e+04	   9.7088618e-01	  -2.0836169e-04	
   1.7457826e+04	   9.5653558e-01	  -2.0574772e-04	
   1.7529788e+04	   9.4253114e-01	  -2.0209860e-04	
   1.7601749e+04	   9.2900986e-01	  -1.9745914e-04	
   1.7673710e+04	   9.1602098e-01	  -1.9186596e-04	
   1.7745671e+04	   9.0360815e-01	  -1.8535895e-04	
   1.7819934e+04	   8.9144302e-01	  -1.7773121e-04	
   1.7894196e+04	   8.7996965e-01	  -1.6922620e-04	
   1.7968459e+04	   8.6922053e-01	  -1.5989660e-04	
   1.8042721e+04	   8.5922340e-01	  -1.4979718e-04	
   1.8120591e+04	   8.4957385e-01	  -1.3844224e-04	
   1.8198461e+04	   8.4080015e-01	  -1.2637082e-04	
   1.8276331e+04	   8.3292168e-01	  -1.1365203e-04	
   1.8354202e+04	   8.2595415e-01	  -1.0035610e-04	
   1.8437006e+04	   8.1955851e-01	  -8.5664524e-05	
   1.8519810e+04	   8.1421948e-01	  -7.0488336e-05	
   1.8602614e+04	   8.0994667e-01	  -5.4915599e-05	
   1.8685417e+04	   8.0674698e-01	  -3.9034743e-05	
   1.8775335e+04	   8.0449316e-01	  -2.1544066e-05	
   1.8865253e+04	   8.0351436e-01	  -3.9096910e-06	
   1.8955171e+04	   8.0381224e-01	   1.3753405e-05	
   1.9045088e+04	   8.0538589e-01	   3.1330747e-05	
   1.9147313e+04	   8.0872028e-01	   5.1064929e-05	
   1.9249538e+04	   8.1369158e-01	   7.0372317e-05	
   1.9351762e+04	   8.2028694e-01	   8.9085754e-05	
   1.9453987e+04	   8.2848748e-01	   1.0704087e-04	
   1.9568117e+04	   8.3950808e-01	   1.2599308e-04	
   1.9682248e+04	   8.5245174e-01	   1.4357463e-04	
   1.9796378e+04	   8.6725577e-01	   1.5956873e-04	
   1.9910509e+04	   8.8383816e-01	   1.7376928e-04	
   1.9997766e+04	   8.9765263e-01	   1.8329422e-04	
   2.0085023e+04	   9.1239091e-01	   1.9157202e-04	
   2.0172280e+04	   9.2798683e-01	   1.9852478e-04	
   2.0259537e+04	   9.4436363e-01	   2.0408155e-04	
   2.0346795e+04	   9.6143353e-01	   2.0817855e-04	
   2.0434052e+04	   9.7909602e-01	   2.1075892e-04	
   2.0521309e+04	   9.9723802e-01	   2.1177574e-04	
   2.0608566e+04	   1.0157340e+00	   2.1119321e-04	
   2.0687212e+04	   1.0325940e+00	   2.0927724e-04	
   2.0765859e+04	   1.0495192e+00	   2.0603207e-04	
   2.0844505e+04	   1.0663922e+00	   2.0145717e-04	
   2.0923151e+04	   1.0830890e+00	   1.9556183e-04	
   2.0997330e+04	   1.0985595e+00	   1.8880831e-04	
   2.1071509e+04	   1.1136443e+00	   1.8092133e-04	
   2.1145688e+04	   1.1282281e+00	   1.7193378e-04	
   2.1219868e+04	   1.1421949e+00	   1.6188728e-04	
   2.1291859e+04	   1.1550500e+00	   1.5117203e-04	
   2.1363850e+04	   1.1671096e+00	   1.3956020e-04	
   2.1435841e+04	   1.1782726e+00	   1.2711277e-04	
   2.1507832e+04	   1.1884429e+00	   1.1389775e-04	
   2.1579645e+04	   1.1975091e+00	   1.0002489e-04	
   2.1651459e+04	   1.2054151e+00	   8.5543299e-05	
   2.1723273e+04	   1.2120877e+00	   7.0539034e-05	
   2.1795086e+04	   1.2174648e+00	   5.5102759e-05	
   2.1869322e+04	   1.2216072e+00	   3.8792472e-05	
   2.1943558e+04	   1.2242678e+00	   2.2230892e-05	
   2.2017794e+04	   1.2254190e+00	   5.5292285e-06	
   2.2092030e+04	   1.2250493e+00	  -1.1200360e-05	
   2.2173740e+04	   1.2228896e+00	  -2.9512047e-05	
   2.2255449e+04	   1.2189204e+00	  -4.7571242e-05	
   2.2337158e+04	   1.2131915e+00	  -6.5231785e-05	
   2.2418868e+04	   1.2057741e+00	  -8.2353441e-05	
   2.2507309e+04	   1.1959485e+00	  -1.0012360e-04	
   2.2595749e+04	   1.1843903e+00	  -1.1694521e-04	
   2.2684190e+04	   1.1712570e+00	  -1.3267148e-04	
   2.2772630e+04	   1.1567219e+00	  -1.4717167e-04	
   2.2861071e+04	   1.1409712e+00	  -1.6033076e-04	
   2.2949512e+04	   1.1241990e+00	  -1.7204905e-04	
   2.3037952e+04	   1.1066019e+00	  -1.8224454e-04	
   2.3126393e+04	   1.0883758e+00	  -1.9085356e-04	
   2.3201091e+04	   1.0726345e+00	  -1.9685427e-04	
   2.3275789e+04	   1.0566951e+00	  -2.0167069e-04	
   2.3350487e+04	   1.0406660e+00	  -2.0529204e-04	
   2.3425186e+04	   1.0246499e+00	  -2.0771561e-04	
   2.3496923e+04	   1.0093708e+00	  -2.0892005e-04	
   2.3568660e+04	   9.9427371e-01	  -2.0903449e-04	
   2.3640397e+04	   9.7943350e-01	  -2.0807472e-04	
   2.3712135e+04	   9.6491885e-01	  -2.0606168e-04	
   2.3784032e+04	   9.5076160e-01	  -2.0301324e-04	
   2.3855928e+04	   9.3705226e-01	  -1.9896303e-04	
   2.3927825e+04	   9.2384298e-01	  -1.9394521e-04	
   2.3999722e+04	   9.1118013e-01	  -1.8799741e-04	
   2.4073623e+04	   8.9877697e-01	  -1.8095754e-04	
   2.4147524e+04	   8.8703424e-01	  -1.7302587e-04	
   2.4221426e+04	   8.7598664e-01	  -1.6425257e-04	
   2.4295327e+04	   8.6566399e-01	  -1.5469009e-04	
   2.4372671e+04	   8.5566447e-01	  -1.4389630e-04	
   2.4450014e+04	   8.4651199e-01	  -1.3236264e-04	
   2.4527358e+04	   8.3822771e-01	  -1.2015558e-04	
   2.4604702e+04	   8.3082895e-01	  -1.0734287e-04	
   2.4686753e+04	   8.2396347e-01	  -9.3165225e-05	
   2.4768804e+04	   8.1812418e-01	  -7.8467522e-05	
   2.4850855e+04	   8.1332200e-01	  -6.3334579e-05	
   2.4932906e+04	   8.0956504e-01	  -4.7851694e-05	
   2.5021667e+04	   8.0668435e-01	  -3.0807867e-05	
   2.5110428e+04	   8.0503881e-01	  -1.3564730e-05	
   2.5199189e+04	   8.0463127e-01	   3.7677172e-06	
   2.5287949e+04	   8.0546209e-01	   2.1079827e-05	
   2.5387889e+04	   8.0787716e-01	   4.0411625e-05	
   2.5487829e+04	   8.1185440e-01	   5.9421864e-05	
   2.5587769e+04	   8.1738414e-01	   7.7954474e-05	
   2.5687709e+04	   8.2445161e-01	   9.5855628e-05	
   2.5821318e+04	   8.3626549e-01	   1.1853902e-04	
   2.5954926e+04	   8.5072629e-01	   1.3946224e-04	
   2.6088535e+04	   8.6774012e-01	   1.5827585e-04	
   2.6222143e+04	   8.8717742e-01	   1.7465065e-04	
   2.6309036e+04	   9.0104157e-01	   1.8384331e-04	
   2.6395930e+04	   9.1580358e-01	   1.9179088e-04	
   2.6482823e+04	   9.3139624e-01	   1.9841806e-04	
   2.6569717e+04	   9.4774186e-01	   2.0365658e-04	
   2.6656610e+04	   9.6475188e-01	   2.0744538e-04	
   2.6743504e+04	   9.8232520e-01	   2.0973039e-04	
   2.6830397e+04	   1.0003485e+00	   2.1046743e-04	
   2.6917291e+04	   1.0186963e+00	   2.0962341e-04	
   2.6995736e+04	   1.0354251e+00	   2.0748506e-04	
   2.7074182e+04	   1.0521962e+00	   2.0403213e-04	
   2.7152627e+04	   1.0688927e+00	   1.9926585e-04	
   2.7231073e+04	   1.0853913e+00	   1.9319720e-04	
   2.7305182e+04	   1.1006803e+00	   1.8628621e-04	
   2.7379291e+04	   1.1155652e+00	   1.7825697e-04	
   2.7453401e+04	   1.1299317e+00	   1.6914369e-04	
   2.7527510e+04	   1.1436650e+00	   1.5898918e-04	
   2.7599535e+04	   1.1562969e+00	   1.4817111e-04	
   2.7671560e+04	   1.1681189e+00	   1.3647264e-04	
   2.7743586e+04	   1.1790316e+00	   1.2395577e-04	
   2.7815611e+04	   1.1889404e+00	   1.1068939e-04	
   2.7887572e+04	   1.1977501e+00	   9.6761652e-05	
   2.7959533e+04	   1.2053891e+00	   8.2242786e-05	
   2.8031494e+04	   1.2117865e+00	   6.7219705e-05	
   2.8103455e+04	   1.2168825e+00	   5.1783756e-05	
   2.8178007e+04	   1.2207378e+00	   3.5458317e-05	
   2.8252559e+04	   1.2231039e+00	   1.8902217e-05	
   2.8327111e+04	   1.2239563e+00	   2.2275732e-06	
   2.8401663e+04	   1.2232866e+00	  -1.4452776e-05	
   2.8484106e+04	   1.2207830e+00	  -3.2768999e-05	
   2.8566548e+04	   1.2164598e+00	  -5.0801659e-05	
   2.8648990e+04	   1.2103718e+00	  -6.8402650e-05	
   2.8731432e+04	   1.2025958e+00	  -8.5430308e-05	
   2.8819726e+04	   1.1925053e+00	  -1.0287817e-04	
   2.8908021e+04	   1.1807301e+00	  -1.1935780e-04	
   2.8996316e+04	   1.1674289e+00	  -1.3472697e-04	
   2.9084610e+04	   1.1527750e+00	  -1.4885944e-04	
   2.9172905e+04	   1.1369534e+00	  -1.6164467e-04	
   2.9261199e+04	   1.1201567e+00	  -1.7298734e-04	
   2.9349494e+04	   1.1025789e+00	  -1.8280956e-04	
   2.9437788e+04	   1.0844128e+00	  -1.9105148e-04	
   2.9512346e+04	   1.0687546e+00	  -1.9674841e-04	
   2.9586905e+04	   1.0529226e+00	  -2.0127040e-04	
   2.9661463e+04	   1.0370227e+00	  -2.0460843e-04	
   2.9736021e+04	   1.0211550e+00	  -2.0676131e-04	
   2.9807814e+04	   1.0059944e+00	  -2.0772002e-04	
   2.9879607e+04	   9.9103027e-01	  -2.0759694e-04	
   2.9951401e+04	   9.7633605e-01	  -2.0640884e-04	
   3.0023194e+04	   9.6197894e-01	  -2.0417757e-04	
   3.0095222e+04	   9.4797529e-01	  -2.0091740e-04	
   3.0167251e+04	   9.3442937e-01	  -1.9666507e-04	
   3.0239279e+04	   9.2139219e-01	  -1.9145546e-04	
   3.0311308e+04	   9.0890909e-01	  -1.8532686e-04	
   3.0385440e+04	   8.9668222e-01	  -1.7810331e-04	
   3.0459573e+04	   8.8512359e-01	  -1.6999853e-04	
   3.0533705e+04	   8.7426713e-01	  -1.6106342e-04	
   3.0607837e+04	   8.6414195e-01	  -1.5135109e-04	
   3.0685465e+04	   8.5435011e-01	  -1.4040779e-04	
   3.0763093e+04	   8.4541184e-01	  -1.2873829e-04	
   3.0840721e+04	   8.3734774e-01	  -1.1640980e-04	
   3.0918349e+04	   8.3017464e-01	  -1.0349074e-04	
   3.1000766e+04	   8.2354928e-01	  -8.9206113e-05	
   3.1083182e+04	   8.1795697e-01	  -7.4419189e-05	
   3.1165599e+04	   8.1340825e-01	  -5.9215719e-05	
   3.1248016e+04	   8.0991086e-01	  -4.3681896e-05	
   3.1337303e+04	   8.0731457e-01	  -2.6580964e-05	
   3.1426590e+04	   8.0596338e-01	  -9.3053871e-06	
   3.1515876e+04	   8.0585968e-01	   8.0333099e-06	
   3.1605163e+04	   8.0700330e-01	   2.5324017e-05	
   3.1706095e+04	   8.0979468e-01	   4.4672864e-05	
   3.1807026e+04	   8.1417020e-01	   6.3657850e-05	
   3.1907958e+04	   8.2011866e-01	   8.2119199e-05	
   3.2008889e+04	   8.2762333e-01	   9.9899626e-05	
   3.2148522e+04	   8.4052701e-01	   1.2308926e-04	
   3.2288155e+04	   8.5628415e-01	   1.4427219e-04	
   3.2427787e+04	   8.7477732e-01	   1.6305558e-04	
   3.2567420e+04	   8.9584402e-01	   1.7907285e-04	
   3.2652899e+04	   9.0992219e-01	   1.8736507e-04	
   3.2738378e+04	   9.2482731e-01	   1.9441726e-04	
   3.2823857e+04	   9.4048995e-01	   2.0016153e-04	
   3.2909336e+04	   9.5683059e-01	   2.0453705e-04	
   3.2994815e+04	   9.7375929e-01	   2.0749014e-04	
   3.3080295e+04	   9.9117423e-01	   2.0897425e-04	
   3.3165774e+04	   1.0089622e+00	   2.0895251e-04	
   3.3251253e+04	   1.0269988e+00	   2.0739888e-04	
   3.3329055e+04	   1.0435178e+00	   2.0464009e-04	
   3.3406857e+04	   1.0600204e+00	   2.0059616e-04	
   3.3484659e+04	   1.0763899e+00	   1.9527288e-04	
   3.3562461e+04	   1.0925046e+00	   1.8868562e-04	
   3.3636279e+04	   1.1074434e+00	   1.8128962e-04	
   3.3710097e+04	   1.1219272e+00	   1.7280755e-04	
   3.3783916e+04	   1.1358432e+00	   1.6327719e-04	
   3.3857734e+04	   1.1490793e+00	   1.5274470e-04	
   3.3929727e+04	   1.1612269e+00	   1.4155936e-04	
   3.4001719e+04	   1.1725212e+00	   1.2953052e-04	
   3.4073711e+04	   1.1828656e+00	   1.1672316e-04	
   3.4145704e+04	   1.1921699e+00	   1.0320889e-04	
   3.4217921e+04	   1.2003746e+00	   8.9020448e-05	
   3.4290139e+04	   1.2073725e+00	   7.4283828e-05	
   3.4362356e+04	   1.2130979e+00	   5.9088674e-05	
   3.4434574e+04	   1.2174966e+00	   4.3528669e-05	
   3.4509836e+04	   1.2206235e+00	   2.7029378e-05	
   3.4585098e+04	   1.2222305e+00	   1.0353271e-05	
   3.4660360e+04	   1.2223005e+00	  -6.3844194e-06	
   3.4735621e+04	   1.2208333e+00	  -2.3068367e-05	
   3.4819991e+04	   1.2173814e+00	  -4.1565428e-05	
   3.4904360e+04	   1.2120647e+00	  -5.9690250e-05	
   3.4988729e+04	   1.2049532e+00	  -7.7288056e-05	
   3.5073098e+04	   1.1961395e+00	  -9.4212069e-05	
   3.5165613e+04	   1.1846524e+00	  -1.1183181e-04	
   3.5258128e+04	   1.1714275e+00	  -1.2830509e-04	
   3.5350643e+04	   1.1566560e+00	  -1.4347938e-04	
   3.5443158e+04	   1.1405440e+00	  -1.5722217e-04	
   3.5517088e+04	   1.1268505e+00	  -1.6709863e-04	
   3.5591018e+04	   1.1125524e+00	  -1.7593896e-04	
   3.5664949e+04	   1.0977629e+00	  -1.8370258e-04	
   3.5738879e+04	   1.0825937e+00	  -1.9035751e-04	
   3.5812809e+04	   1.0671544e+00	  -1.9588003e-04	
   3.5886739e+04	   1.0515519e+00	  -2.0025413e-04	
   3.5960669e+04	   1.0358881e+00	  -2.0347149e-04	
   3.6034599e+04	   1.0202598e+00	  -2.0553128e-04	
   3.6106472e+04	   1.0051870e+00	  -2.0642995e-04	
   3.6178344e+04	   9.9031248e-01	  -2.0625200e-04	
   3.6250216e+04	   9.7570902e-01	  -2.0501436e-04	
   3.6322088e+04	   9.6144343e-01	  -2.0273896e-04	
   3.6394209e+04	   9.4752939e-01	  -1.9943931e-04	
   3.6466331e+04	   9.3407330e-01	  -1.9515268e-04	
   3.6538452e+04	   9.2112589e-01	  -1.8991403e-04	
   3.6610573e+04	   9.0873226e-01	  -1.8376166e-04	
   3.6684814e+04	   8.9659492e-01	  -1.7651788e-04	
   3.6759054e+04	   8.8512535e-01	  -1.6839821e-04	
   3.6833295e+04	   8.7435733e-01	  -1.5945359e-04	
   3.6907536e+04	   8.6431985e-01	  -1.4973716e-04	
   3.6985279e+04	   8.5461871e-01	  -1.3879507e-04	
   3.7063022e+04	   8.4577021e-01	  -1.2713272e-04	
   3.7140765e+04	   8.3779491e-01	  -1.1481734e-04	
   3.7218509e+04	   8.3070957e-01	  -1.0191738e-04	
   3.7301059e+04	   8.2417543e-01	  -8.7657662e-05	
   3.7383610e+04	   8.1867340e-01	  -7.2902327e-05	
   3.7466160e+04	   8.1421399e-01	  -5.7737182e-05	
   3.7548710e+04	   8.1080490e-01	  -4.2248476e-05	
   3.7638176e+04	   8.0830238e-01	  -2.5197641e-05	
   3.7727641e+04	   8.0704458e-01	  -7.9801802e-06	
   3.7817106e+04	   8.0703378e-01	   9.2921962e-06	
   3.7906572e+04	   8.0826964e-01	   2.6508209e-05	
   3.8007832e+04	   8.1116885e-01	   4.5786284e-05	
   3.8109092e+04	   8.1565461e-01	   6.4688270e-05	
   3.8210352e+04	   8.2171510e-01	   8.3053657e-05	
   3.8311613e+04	   8.2933280e-01	   1.0072451e-04	
   3.8453548e+04	   8.4258408e-01	   1.2403023e-04	
   3.8595483e+04	   8.5875980e-01	   1.4524155e-04	
   3.8737418e+04	   8.7773256e-01	   1.6394961e-04	
   3.8879354e+04	   8.9932597e-01	   1.7977439e-04	
   3.8964382e+04	   9.1342476e-01	   1.8772572e-04	
   3.9049411e+04	   9.2832270e-01	   1.9444301e-04	
   3.9134440e+04	   9.4394962e-01	   1.9986114e-04	
   3.9219468e+04	   9.6022547e-01	   2.0392202e-04	
   3.9304497e+04	   9.7705998e-01	   2.0657474e-04	
   3.9389526e+04	   9.9435127e-01	   2.0777551e-04	
   3.9474554e+04	   1.0119864e+00	   2.0749016e-04	
   3.9559583e+04	   1.0298419e+00	   2.0569521e-04	
   3.9637202e+04	   1.0462203e+00	   2.0272766e-04	
   3.9714822e+04	   1.0625604e+00	   1.9848979e-04	
   3.9792441e+04	   1.0787462e+00	   1.9298903e-04	
   3.9870060e+04	   1.0946567e+00	   1.8624233e-04	
   3.9943828e+04	   1.1094085e+00	   1.7869958e-04	
   4.0017597e+04	   1.1236876e+00	   1.7008595e-04	
   4.0091365e+04	   1.1373824e+00	   1.6044048e-04	
   4.0165133e+04	   1.1503822e+00	   1.4981045e-04	
   4.0237179e+04	   1.1623029e+00	   1.3853125e-04	
   4.0309224e+04	   1.1733565e+00	   1.2642478e-04	
   4.0381270e+04	   1.1834484e+00	   1.1355699e-04	
   4.0453316e+04	   1.1924902e+00	   1.0000033e-04	
   4.0525705e+04	   1.2004356e+00	   8.5764524e-05	
   4.0598094e+04	   1.2071646e+00	   7.0998369e-05	
   4.0670484e+04	   1.2126136e+00	   5.5792345e-05	
   4.0742873e+04	   1.2167310e+00	   4.0240805e-05	
   4.0818495e+04	   1.2195671e+00	   2.3731540e-05	
   4.0894118e+04	   1.2208763e+00	   7.0668864e-06	
   4.0969740e+04	   1.2206448e+00	  -9.6369587e-06	
   4.1045363e+04	   1.2188753e+00	  -2.6263953e-05	
   4.1130630e+04	   1.2150603e+00	  -4.4775239e-05	
   4.1215897e+04	   1.2093674e+00	  -6.2878760e-05	
   4.1301164e+04	   1.2018727e+00	  -8.0417218e-05	
   4.1386430e+04	   1.1926752e+00	  -9.7241969e-05	
   4.1472352e+04	   1.1818054e+00	  -1.1333249e-04	
   4.1558274e+04	   1.1694677e+00	  -1.2842337e-04	
   4.1644196e+04	   1.1558154e+00	  -1.4239466e-04	
   4.1730118e+04	   1.1410121e+00	  -1.5514116e-04	
   4.1816040e+04	   1.1252295e+00	  -1.6657198e-04	
   4.1901962e+04	   1.1086437e+00	  -1.7661000e-04	
   4.1987884e+04	   1.0914304e+00	  -1.8519350e-04	
   4.2073806e+04	   1.0737624e+00	  -1.9227647e-04	
   4.2147814e+04	   1.0583090e+00	  -1.9715019e-04	
   4.2221822e+04	   1.0427474e+00	  -2.0087535e-04	
   4.2295829e+04	   1.0271767e+00	  -2.0344760e-04	
   4.2369837e+04	   1.0116900e+00	  -2.0486982e-04	
   4.2441737e+04	   9.9680794e-01	  -2.0515934e-04	
   4.2513638e+04	   9.8216298e-01	  -2.0438701e-04	
   4.2585538e+04	   9.6782451e-01	  -2.0257241e-04	
   4.2657439e+04	   9.5385586e-01	  -1.9973990e-04	
   4.2729787e+04	   9.4023180e-01	  -1.9589147e-04	
   4.2802135e+04	   9.2709396e-01	  -1.9107503e-04	
   4.2874483e+04	   9.1449033e-01	  -1.8532757e-04	
   4.2946831e+04	   9.0246338e-01	  -1.7868928e-04	
   4.3021567e+04	   8.9068476e-01	  -1.7094231e-04	
   4.3096303e+04	   8.7959804e-01	  -1.6234137e-04	
   4.3171039e+04	   8.6923502e-01	  -1.5293947e-04	
   4.3245774e+04	   8.5962287e-01	  -1.4279168e-04	
   4.3324163e+04	   8.5037278e-01	  -1.3140861e-04	
   4.3402552e+04	   8.4199687e-01	  -1.1933554e-04	
   4.3480941e+04	   8.3451420e-01	  -1.0664189e-04	
   4.3559330e+04	   8.2794021e-01	  -9.3398197e-05	
   4.3642753e+04	   8.2195593e-01	  -7.8780277e-05	
   4.3726176e+04	   8.1702694e-01	  -6.3708376e-05	
   4.3809598e+04	   8.1316262e-01	  -4.8271101e-05	
   4.3893021e+04	   8.1036965e-01	  -3.2557397e-05	
   4.3983798e+04	   8.0855265e-01	  -1.5248775e-05	
   4.4074575e+04	   8.0801298e-01	   2.1651683e-06	
   4.4165352e+04	   8.0875162e-01	   1.9568174e-05	
   4.4256130e+04	   8.1076675e-01	   3.6844584e-05	
   4.4360046e+04	   8.1463463e-01	   5.6318150e-05	
   4.4463963e+04	   8.2015916e-01	   7.5301381e-05	
   4.4567879e+04	   8.2732415e-01	   9.3622443e-05	
   4.4671796e+04	   8.3610641e-01	   1.1111282e-04	
   4.4787680e+04	   8.4776951e-01	   1.2943586e-04	
   4.4903565e+04	   8.6135043e-01	   1.4629294e-04	
   4.5019450e+04	   8.7677523e-01	   1.6146514e-04	
   4.5135335e+04	   8.9394844e-01	   1.7474601e-04	
   4.5221438e+04	   9.0777121e-01	   1.8327346e-04	
   4.5307541e+04	   9.2243547e-01	   1.9057316e-04	
   4.5393644e+04	   9.3787272e-01	   1.9657546e-04	
   4.5479748e+04	   9.5400441e-01	   2.0121768e-04	
   4.5565851e+04	   9.7074159e-01	   2.0444433e-04	
   4.5651954e+04	   9.8798341e-01	   2.0620695e-04	
   4.5738057e+04	   1.0056175e+00	   2.0646678e-04	
   4.5824160e+04	   1.0235205e+00	   2.0519589e-04	
   4.5902326e+04	   1.0398930e+00	   2.0270210e-04	
   4.5980491e+04	   1.0562671e+00	   1.9892789e-04	
   4.6058657e+04	   1.0725274e+00	   1.9387764e-04	
   4.6136822e+04	   1.0885530e+00	   1.8756524e-04	
   4.6210915e+04	   1.1034133e+00	   1.8043764e-04	
   4.6285008e+04	   1.1178392e+00	   1.7222496e-04	
   4.6359101e+04	   1.1317192e+00	   1.6296355e-04	
   4.6433194e+04	   1.1449416e+00	   1.5269812e-04	
   4.6505403e+04	   1.1570898e+00	   1.4177799e-04	
   4.6577612e+04	   1.1684077e+00	   1.3001092e-04	
   4.6649822e+04	   1.1787992e+00	   1.1746040e-04	
   4.6722031e+04	   1.1881740e+00	   1.0419658e-04	
   4.6794395e+04	   1.1964649e+00	   9.0265335e-05	
   4.6866760e+04	   1.2035740e+00	   7.5777628e-05	
   4.6939125e+04	   1.2094346e+00	   6.0821509e-05	
   4.7011489e+04	   1.2139916e+00	   4.5489153e-05	
   4.7086776e+04	   1.2173021e+00	   2.9241360e-05	
   4.7162063e+04	   1.2191196e+00	   1.2801822e-05	
   4.7237350e+04	   1.2194247e+00	  -3.7161323e-06	
   4.7312638e+04	   1.2182148e+00	  -2.0198891e-05	
   4.7396664e+04	   1.2150920e+00	  -3.8414545e-05	
   4.7480690e+04	   1.2101404e+00	  -5.6288711e-05	
   4.7564716e+04	   1.2034243e+00	  -7.3670037e-05	
   4.7648743e+04	   1.1950302e+00	  -9.0414604e-05	
   4.7740503e+04	   1.1840722e+00	  -1.0781312e-04	
   4.7832263e+04	   1.1714021e+00	  -1.2412439e-04	
   4.7924022e+04	   1.1572004e+00	  -1.3919899e-04	
   4.8015782e+04	   1.1416622e+00	  -1.5290633e-04	
   4.8107542e+04	   1.1249935e+00	  -1.6513408e-04	
   4.8199302e+04	   1.1074067e+00	  -1.7578747e-04	
   4.8291062e+04	   1.0891139e+00	  -1.8479158e-04	
   4.8382822e+04	   1.0703233e+00	  -1.9209185e-04	
   4.8457157e+04	   1.0548756e+00	  -1.9673164e-04	
   4.8531493e+04	   1.0393380e+00	  -2.0021890e-04	
   4.8605828e+04	   1.0238092e+00	  -2.0255061e-04	
   4.8680164e+04	   1.0083821e+00	  -2.0373099e-04	
   4.8752141e+04	   9.9362307e-01	  -2.0378716e-04	
   4.8824117e+04	   9.7911443e-01	  -2.0278971e-04	
   4.8896094e+04	   9.6492410e-01	  -2.0075915e-04	
   4.8968071e+04	   9.5111408e-01	  -1.9772066e-04	
   4.9040561e+04	   9.3764701e-01	  -1.9367172e-04	
   4.9113051e+04	   9.2467516e-01	  -1.8866459e-04	
   4.9185541e+04	   9.1224546e-01	  -1.8273696e-04	
   4.9258031e+04	   9.0039945e-01	  -1.7592962e-04	
   4.9333007e+04	   8.8880014e-01	  -1.6800995e-04	
   4.9407982e+04	   8.7790011e-01	  -1.5924731e-04	
   4.9482958e+04	   8.6773044e-01	  -1.4969540e-04	
   4.9557933e+04	   8.5831766e-01	  -1.3940994e-04	
   4.9636618e+04	   8.4927763e-01	  -1.2788971e-04	
   4.9715303e+04	   8.4111818e-01	  -1.1569367e-04	
   4.9793988e+04	   8.3385783e-01	  -1.0289197e-04	
   4.9872672e+04	   8.2751158e-01	  -8.9555885e-05	
   4.9904504e+04	   8.2520669e-01	  -8.4025397e-05	
   4.9936336e+04	   8.2305410e-01	  -7.8424139e-05	
   4.9968168e+04	   8.2105443e-01	  -7.2756974e-05	
   5.0000000e+04	   8.1920825e-01	  -6.7028778e-05	
