   0.0000000e+00	   8.0000000e-01	   0.0000000e+00	
   3.1250000e+01	   7.9725082e-01	  -2.1846612e-04	
   6.2500000e+01	   7.8912581e-01	  -4.3521505e-04	
   9.3750000e+01	   7.7584920e-01	  -6.4859922e-04	
   1.2500000e+02	   7.5777912e-01	  -8.5707316e-04	
   1.5625000e+02	   7.3539295e-01	  -1.0592091e-03	
   1.8750000e+02	   7.0926091e-01	  -1.2537403e-03	
   2.1875000e+02	   6.8000301e-01	  -1.4395918e-03	
   2.5000000e+02	   6.4826878e-01	  -1.6158913e-03	
   2.7351115e+02	   6.2316200e-01	  -1.7418215e-03	
   2.9702229e+02	   5.9729941e-01	  -1.8617525e-03	
   3.2053344e+02	   5.7093963e-01	  -1.9755373e-03	
   3.4404459e+02	   5.4432484e-01	  -2.0830868e-03	
   3.6755573e+02	   5.1767887e-01	  -2.1843679e-03	
   3.9106688e+02	   4.9120276e-01	  -2.2793990e-03	
   4.1457803e+02	   4.6507465e-01	  -2.3682414e-03	
   4.3808917e+02	   4.3944936e-01	  -2.4509944e-03	
   4.6199435e+02	   4.1404575e-01	  -2.5290294e-03	
   4.8589953e+02	   3.8941158e-01	  -2.6010807e-03	
   5.0980471e+02	   3.6563833e-01	  -2.6673433e-03	
   5.3370990e+02	   3.4279645e-01	  -2.7280307e-03	
   5.5982613e+02	   3.1896568e-01	  -2.7882296e-03	
   5.8594236e+02	   2.9634877e-01	  -2.8423620e-03	
   6.1205860e+02	   2.7496748e-01	  -2.8907474e-03	
   6.3817483e+02	   2.5482543e-01	  -2.9337088e-03	
   6.6540745e+02	   2.3512841e-01	  -2.9730796e-03	
   6.9264006e+02	   2.1673662e-01	  -3.0072642e-03	
   7.1987267e+02	   1.9961100e-01	  -3.0366121e-03	
   7.4710529e+02	   1.8370356e-01	  -3.0614621e-03	
   7.7433790e+02	   1.6895901e-01	  -3.0821403e-03	
   8.0157052e+02	   1.5531856e-01	  -3.0989543e-03	
   8.2880313e+02	   1.4272123e-01	  -3.1121956e-03	
   8.5603575e+02	   1.3110456e-01	  -3.1221409e-03	
   8.8216105e+02	   1.2082354e-01	  -3.1288252e-03	
   9.0828636e+02	   1.1133309e-01	  -3.1329276e-03	
   9.3441166e+02	   1.0258051e-01	  -3.1346473e-03	
   9.6053697e+02	   9.4514641e-02	  -3.1341711e-03	
   9.8687750e+02	   8.7027524e-02	  -3.1316444e-03	
   1.0132180e+03	   8.0140884e-02	  -3.1272255e-03	
   1.0395586e+03	   7.3809663e-02	  -3.1210663e-03	
   1.0658991e+03	   6.7991146e-02	  -3.1133081e-03	
   1.0933295e+03	   6.2433598e-02	  -3.1036696e-03	
   1.1207598e+03	   5.7346675e-02	  -3.0925723e-03	
   1.1481902e+03	   5.2691387e-02	  -3.0801394e-03	
   1.1756205e+03	   4.8431365e-02	  -3.0664849e-03	
   1.2047324e+03	   4.4305042e-02	  -3.0507737e-03	
   1.2338443e+03	   4.0549549e-02	  -3.0339163e-03	
   1.2629562e+03	   3.7131321e-02	  -3.0160154e-03	
   1.2920680e+03	   3.4019447e-02	  -2.9971652e-03	
   1.3234302e+03	   3.0977502e-02	  -2.9758940e-03	
   1.3547924e+03	   2.8226839e-02	  -2.9537157e-03	
   1.3861546e+03	   2.5738791e-02	  -2.9307168e-03	
   1.4175168e+03	   2.3487260e-02	  -2.9069761e-03	
   1.4517619e+03	   2.1271271e-02	  -2.8802893e-03	
   1.4860070e+03	   1.9282261e-02	  -2.8528839e-03	
   1.5202521e+03	   1.7495975e-02	  -2.8248332e-03	
   1.5544972e+03	   1.5890576e-02	  -2.7962033e-03	
   1.5923943e+03	   1.4301439e-02	  -2.7639163e-03	
   1.6302914e+03	   1.2887173e-02	  -2.7310619e-03	
   1.6681885e+03	   1.1627468e-02	  -2.6977022e-03	
   1.7060856e+03	   1.0504246e-02	  -2.6638928e-03	
   1.7486302e+03	   9.3862890e-03	  -2.6254623e-03	
   1.7911747e+03	   8.4011719e-03	  -2.5865865e-03	
   1.8337193e+03	   7.5320717e-03	  -2.5473179e-03	
   1.8762638e+03	   6.7642045e-03	  -2.5077033e-03	
   1.9248167e+03	   5.9953083e-03	  -2.4621235e-03	
   1.9733695e+03	   5.3256826e-03	  -2.4161971e-03	
   2.0219224e+03	   4.7415505e-03	  -2.3699684e-03	
   2.0704752e+03	   4.2309809e-03	  -2.3234768e-03	
   2.1270091e+03	   3.7157905e-03	  -2.2690562e-03	
   2.1835429e+03	   3.2734640e-03	  -2.2143683e-03	
   2.2400768e+03	   2.8928346e-03	  -2.1594508e-03	
   2.2966107e+03	   2.5644050e-03	  -2.1043364e-03	
   2.3642067e+03	   2.2292807e-03	  -2.0382177e-03	
   2.4318027e+03	   1.9466967e-03	  -1.9718951e-03	
   2.4993987e+03	   1.7076598e-03	  -1.9054005e-03	
   2.5669947e+03	   1.5047031e-03	  -1.8387616e-03	
   2.6510337e+03	   1.2936947e-03	  -1.7557449e-03	
   2.7350727e+03	   1.1201243e-03	  -1.6725740e-03	
   2.8191117e+03	   9.7670554e-04	  -1.5892767e-03	
   2.9031507e+03	   8.5760074e-04	  -1.5058767e-03	
   3.0152067e+03	   7.2891845e-04	  -1.3945447e-03	
   3.1272626e+03	   6.2739110e-04	  -1.2830966e-03	
   3.2393185e+03	   5.4681417e-04	  -1.1715589e-03	
   3.3513744e+03	   4.8252618e-04	  -1.0599531e-03	
   3.5410992e+03	   4.0173577e-04	  -8.7087948e-04	
   3.7308239e+03	   3.4686162e-04	  -6.8171363e-04	
   3.9205486e+03	   3.1032993e-04	  -4.9249821e-04	
   4.1102733e+03	   2.8761718e-04	  -3.0326388e-04	
   4.3181146e+03	   2.7594592e-04	  -9.5964655e-05	
   4.5259559e+03	   2.7638505e-04	   1.1130351e-04	
   4.7337972e+03	   2.8899103e-04	   3.1851495e-04	
   4.9416385e+03	   3.1550471e-04	   5.2564255e-04	
   5.1529670e+03	   3.6090219e-04	   7.3612585e-04	
   5.3642955e+03	   4.3082842e-04	   9.4644688e-04	
   5.5756239e+03	   5.3758193e-04	   1.1565389e-03	
   5.7869524e+03	   7.0220251e-04	   1.3663014e-03	
   5.9202937e+03	   8.5031119e-04	   1.4984205e-03	
   6.0536349e+03	   1.0472932e-03	   1.6302954e-03	
   6.1869762e+03	   1.3127180e-03	   1.7618469e-03	
   6.3203175e+03	   1.6752149e-03	   1.8929640e-03	
   6.4134983e+03	   2.0071529e-03	   1.9842538e-03	
   6.5066792e+03	   2.4248815e-03	   2.0751887e-03	
   6.5998600e+03	   2.9543477e-03	   2.1656763e-03	
   6.6930408e+03	   3.6303162e-03	   2.2555957e-03	
   6.7631761e+03	   4.2628069e-03	   2.3228089e-03	
   6.8333114e+03	   5.0286944e-03	   2.3895296e-03	
   6.9034467e+03	   5.9597993e-03	   2.4556529e-03	
   6.9735819e+03	   7.0963229e-03	   2.5210482e-03	
   7.0295853e+03	   8.1844359e-03	   2.5726378e-03	
   7.0855886e+03	   9.4662488e-03	   2.6235631e-03	
   7.1415919e+03	   1.0979745e-02	   2.6737052e-03	
   7.1975953e+03	   1.2770978e-02	   2.7229208e-03	
   7.2535986e+03	   1.4895318e-02	   2.7710392e-03	
   7.3096019e+03	   1.7418695e-02	   2.8178583e-03	
   7.3656053e+03	   2.0421956e-02	   2.8631321e-03	
   7.4216086e+03	   2.4003145e-02	   2.9065633e-03	
   7.4682977e+03	   2.7514494e-02	   2.9411086e-03	
   7.5149868e+03	   3.1588748e-02	   2.9738860e-03	
   7.5616759e+03	   3.6319917e-02	   3.0046111e-03	
   7.6083650e+03	   4.1817683e-02	   3.0329504e-03	
   7.6474906e+03	   4.7106808e-02	   3.0545817e-03	
   7.6866161e+03	   5.3107413e-02	   3.0740074e-03	
   7.7257417e+03	   5.9914838e-02	   3.0909307e-03	
   7.7648673e+03	   6.7636023e-02	   3.1050143e-03	
   7.7989639e+03	   7.5202326e-02	   3.1146763e-03	
   7.8330606e+03	   8.3638787e-02	   3.1216127e-03	
   7.8671573e+03	   9.3038775e-02	   3.1255116e-03	
   7.9012539e+03	   1.0350298e-01	   3.1260265e-03	
   7.9321723e+03	   1.1400178e-01	   3.1232493e-03	
   7.9630908e+03	   1.2554839e-01	   3.1170665e-03	
   7.9940092e+03	   1.3823004e-01	   3.1071414e-03	
   8.0249276e+03	   1.5213613e-01	   3.0931087e-03	
   8.0540849e+03	   1.6645320e-01	   3.0757591e-03	
   8.0832423e+03	   1.8201446e-01	   3.0540558e-03	
   8.1123996e+03	   1.9889093e-01	   3.0276265e-03	
   8.1415570e+03	   2.1714821e-01	   2.9960777e-03	
   8.1704238e+03	   2.3664084e-01	   2.9593960e-03	
   8.1992907e+03	   2.5758950e-01	   2.9168784e-03	
   8.2281576e+03	   2.8002357e-01	   2.8681015e-03	
   8.2570245e+03	   3.0395316e-01	   2.8126350e-03	
   8.2883062e+03	   3.3155779e-01	   2.7444765e-03	
   8.3195880e+03	   3.6085038e-01	   2.6674166e-03	
   8.3508697e+03	   3.9172799e-01	   2.5809446e-03	
   8.3821515e+03	   4.2403237e-01	   2.4845910e-03	
   8.4176808e+03	   4.6217530e-01	   2.3626471e-03	
   8.4532102e+03	   5.0144823e-01	   2.2269341e-03	
   8.4887396e+03	   5.4130533e-01	   2.0771491e-03	
   8.5242689e+03	   5.8108292e-01	   1.9132074e-03	
   8.5597983e+03	   6.2000910e-01	   1.7352659e-03	
   8.5953276e+03	   6.5720625e-01	   1.5437795e-03	
   8.6308570e+03	   6.9175021e-01	   1.3395259e-03	
   8.6663864e+03	   7.2269894e-01	   1.1236177e-03	
   8.7022738e+03	   7.4936501e-01	   8.9516552e-04	
   8.7381612e+03	   7.7053974e-01	   6.5812404e-04	
   8.7740487e+03	   7.8550316e-01	   4.1459347e-04	
   8.8099361e+03	   7.9372954e-01	   1.6688812e-04	
   8.8458236e+03	   7.9490866e-01	  -8.2514212e-05	
   8.8817110e+03	   7.8900660e-01	  -3.3104258e-04	
   8.9175985e+03	   7.7623736e-01	  -5.7618889e-04	
   8.9534859e+03	   7.5705428e-01	  -8.1558696e-04	
   8.9874000e+03	   7.3363319e-01	  -1.0345577e-03	
   9.0213142e+03	   7.0578452e-01	  -1.2448033e-03	
   9.0552283e+03	   6.7428278e-01	  -1.4449513e-03	
   9.0891424e+03	   6.3994406e-01	  -1.6339059e-03	
   9.1127473e+03	   6.1481212e-01	  -1.7583685e-03	
   9.1363521e+03	   5.8897689e-01	  -1.8768084e-03	
   9.1599570e+03	   5.6269321e-01	  -1.9890898e-03	
   9.1835618e+03	   5.3619886e-01	  -2.0951346e-03	
   9.2071667e+03	   5.0971283e-01	  -2.1949190e-03	
   9.2307715e+03	   4.8343108e-01	  -2.2884705e-03	
   9.2543764e+03	   4.5752664e-01	  -2.3758582e-03	
   9.2779812e+03	   4.3214927e-01	  -2.4571880e-03	
   9.3020298e+03	   4.0696789e-01	  -2.5339618e-03	
   9.3260784e+03	   3.8257443e-01	  -2.6047716e-03	
   9.3501270e+03	   3.5905632e-01	  -2.6698178e-03	
   9.3741755e+03	   3.3648025e-01	  -2.7293181e-03	
   9.4006237e+03	   3.1279503e-01	  -2.7886304e-03	
   9.4270719e+03	   2.9034461e-01	  -2.8418403e-03	
   9.4535200e+03	   2.6914734e-01	  -2.8892767e-03	
   9.4799682e+03	   2.4920349e-01	  -2.9312709e-03	
   9.5068174e+03	   2.3022290e-01	  -2.9686755e-03	
   9.5336666e+03	   2.1248847e-01	  -3.0011514e-03	
   9.5605158e+03	   1.9596162e-01	  -3.0290273e-03	
   9.5873651e+03	   1.8059589e-01	  -3.0526219e-03	
   9.6142143e+03	   1.6633846e-01	  -3.0722414e-03	
   9.6410635e+03	   1.5313349e-01	  -3.0881748e-03	
   9.6679127e+03	   1.4092325e-01	  -3.1006965e-03	
   9.6947619e+03	   1.2964881e-01	  -3.1100663e-03	
   9.7210258e+03	   1.1946859e-01	  -3.1164173e-03	
   9.7472898e+03	   1.1007312e-01	  -3.1201986e-03	
   9.7735537e+03	   1.0140986e-01	  -3.1216087e-03	
   9.7998177e+03	   9.3427801e-02	  -3.1208340e-03	
   9.8263114e+03	   8.6016214e-02	  -3.1180151e-03	
   9.8528052e+03	   7.9200520e-02	  -3.1133125e-03	
   9.8792989e+03	   7.2935827e-02	  -3.1068776e-03	
   9.9057927e+03	   6.7179602e-02	  -3.0988514e-03	
   9.9334000e+03	   6.1679310e-02	  -3.0889351e-03	
   9.9610073e+03	   5.6646041e-02	  -3.0775659e-03	
   9.9886147e+03	   5.2040957e-02	  -3.0648667e-03	
   1.0016222e+04	   4.7827846e-02	  -3.0509516e-03	
   1.0045539e+04	   4.3745657e-02	  -3.0349599e-03	
   1.0074855e+04	   4.0031375e-02	  -3.0178266e-03	
   1.0104172e+04	   3.6651572e-02	  -2.9996541e-03	
   1.0133488e+04	   3.3575481e-02	  -2.9805366e-03	
   1.0165090e+04	   3.0567562e-02	  -2.9589686e-03	
   1.0196692e+04	   2.7848538e-02	  -2.9364969e-03	
   1.0228294e+04	   2.5389867e-02	  -2.9132079e-03	
   1.0259895e+04	   2.3165578e-02	  -2.8891804e-03	
   1.0294426e+04	   2.0975640e-02	  -2.8621655e-03	
   1.0328956e+04	   1.9010740e-02	  -2.8344348e-03	
   1.0363486e+04	   1.7246733e-02	  -2.8060613e-03	
   1.0398016e+04	   1.5661893e-02	  -2.7771112e-03	
   1.0436259e+04	   1.4092462e-02	  -2.7444466e-03	
   1.0474502e+04	   1.2696339e-02	  -2.7112167e-03	
   1.0512745e+04	   1.1453309e-02	  -2.6774835e-03	
   1.0550988e+04	   1.0345389e-02	  -2.6433026e-03	
   1.0593963e+04	   9.2420935e-03	  -2.6044195e-03	
   1.0636938e+04	   8.2703996e-03	  -2.5650925e-03	
   1.0679912e+04	   7.4135636e-03	  -2.5253744e-03	
   1.0722887e+04	   6.6568834e-03	  -2.4853118e-03	
   1.0771991e+04	   5.8986664e-03	  -2.4391652e-03	
   1.0821096e+04	   5.2387639e-03	  -2.3926730e-03	
   1.0870200e+04	   4.6634607e-03	  -2.3458798e-03	
   1.0919305e+04	   4.1608921e-03	  -2.2988247e-03	
   1.0976577e+04	   3.6532777e-03	  -2.2436569e-03	
   1.1033849e+04	   3.2178171e-03	  -2.1882225e-03	
   1.1091121e+04	   2.8433866e-03	  -2.1325593e-03	
   1.1148394e+04	   2.5205391e-03	  -2.0767000e-03	
   1.1217041e+04	   2.1906125e-03	  -2.0095269e-03	
   1.1285688e+04	   1.9127362e-03	  -1.9421501e-03	
   1.1354335e+04	   1.6779377e-03	  -1.8746018e-03	
   1.1422982e+04	   1.4787825e-03	  -1.8069097e-03	
   1.1508680e+04	   1.2711788e-03	  -1.7222364e-03	
   1.1594378e+04	   1.1007400e-03	  -1.6374087e-03	
   1.1680076e+04	   9.6016718e-04	  -1.5524549e-03	
   1.1765774e+04	   8.4363294e-04	  -1.4673988e-03	
   1.1881099e+04	   7.1696341e-04	  -1.3528079e-03	
   1.1996425e+04	   6.1749079e-04	  -1.2381001e-03	
   1.2111751e+04	   5.3891961e-04	  -1.1233030e-03	
   1.2227076e+04	   4.7655651e-04	  -1.0084384e-03	
   1.2437856e+04	   3.9389363e-04	  -7.9837942e-04	
   1.2648636e+04	   3.4055125e-04	  -5.8822218e-04	
   1.2859416e+04	   3.0762318e-04	  -3.7802049e-04	
   1.3070195e+04	   2.9022041e-04	  -1.6781198e-04	
   1.3279793e+04	   2.8643821e-04	   4.1196597e-05	
   1.3489391e+04	   2.9529859e-04	   2.5015669e-04	
   1.3698988e+04	   3.1803400e-04	   4.5904004e-04	
   1.3908586e+04	   3.5793796e-04	   6.6781404e-04	
   1.4100420e+04	   4.1472840e-04	   8.5876362e-04	
   1.4292254e+04	   4.9777546e-04	   1.0495460e-03	
   1.4484089e+04	   6.1964167e-04	   1.2400974e-03	
   1.4675923e+04	   8.0086691e-04	   1.4303230e-03	
   1.4803423e+04	   9.6917399e-04	   1.5565088e-03	
   1.4930924e+04	   1.1912146e-03	   1.6824330e-03	
   1.5058424e+04	   1.4877420e-03	   1.8080132e-03	
   1.5185924e+04	   1.8887356e-03	   1.9331345e-03	
   1.5275620e+04	   2.2554523e-03	   2.0207997e-03	
   1.5365316e+04	   2.7141185e-03	   2.1080898e-03	
   1.5455011e+04	   3.2915903e-03	   2.1949098e-03	
   1.5544707e+04	   4.0235208e-03	   2.2811366e-03	
   1.5612817e+04	   4.7104628e-03	   2.3461209e-03	
   1.5680926e+04	   5.5387001e-03	   2.4105873e-03	
   1.5749036e+04	   6.5409948e-03	   2.4744283e-03	
   1.5817145e+04	   7.7584801e-03	   2.5375108e-03	
   1.5885255e+04	   9.2423517e-03	   2.5996712e-03	
   1.5953365e+04	   1.1055418e-02	   2.6607108e-03	
   1.6021474e+04	   1.3278437e-02	   2.7203776e-03	
   1.6089584e+04	   1.6013399e-02	   2.7783562e-03	
   1.6144316e+04	   1.8666953e-02	   2.8234634e-03	
   1.6199048e+04	   2.1812446e-02	   2.8669870e-03	
   1.6253780e+04	   2.5547233e-02	   2.9086310e-03	
   1.6308511e+04	   2.9988564e-02	   2.9480396e-03	
   1.6352504e+04	   3.4164159e-02	   2.9778113e-03	
   1.6396497e+04	   3.8970202e-02	   3.0056105e-03	
   1.6440490e+04	   4.4504331e-02	   3.0311386e-03	
   1.6484483e+04	   5.0878832e-02	   3.0540497e-03	
   1.6521597e+04	   5.7003861e-02	   3.0710523e-03	
   1.6558711e+04	   6.3903654e-02	   3.0856406e-03	
   1.6595826e+04	   7.1673661e-02	   3.0975100e-03	
   1.6632940e+04	   8.0419355e-02	   3.1063171e-03	
   1.6665753e+04	   8.9056475e-02	   3.1112470e-03	
   1.6698567e+04	   9.8632502e-02	   3.1131915e-03	
   1.6731381e+04	   1.0923919e-01	   3.1118278e-03	
   1.6764194e+04	   1.2097374e-01	   3.1068012e-03	
   1.6794400e+04	   1.3286001e-01	   3.0986041e-03	
   1.6824605e+04	   1.4587013e-01	   3.0866494e-03	
   1.6854810e+04	   1.6008650e-01	   3.0705858e-03	
   1.6885015e+04	   1.7559101e-01	   3.0500363e-03	
   1.6914005e+04	   1.9175699e-01	   3.0257227e-03	
   1.6942994e+04	   2.0924961e-01	   2.9965324e-03	
   1.6971984e+04	   2.2812748e-01	   2.9620729e-03	
   1.7000973e+04	   2.4843921e-01	   2.9219356e-03	
   1.7030490e+04	   2.7063084e-01	   2.8747985e-03	
   1.7060007e+04	   2.9436646e-01	   2.8208837e-03	
   1.7089524e+04	   3.1964077e-01	   2.7597374e-03	
   1.7119041e+04	   3.4641919e-01	   2.6909109e-03	
   1.7153910e+04	   3.7989622e-01	   2.5991164e-03	
   1.7188780e+04	   4.1519207e-01	   2.4953231e-03	
   1.7223649e+04	   4.5202913e-01	   2.3789473e-03	
   1.7258518e+04	   4.9002857e-01	   2.2495209e-03	
   1.7293606e+04	   5.2895259e-01	   2.1057776e-03	
   1.7328694e+04	   5.6795558e-01	   1.9483435e-03	
   1.7363783e+04	   6.0632838e-01	   1.7773158e-03	
   1.7398871e+04	   6.4327327e-01	   1.5930603e-03	
   1.7432488e+04	   6.7652793e-01	   1.4047138e-03	
   1.7466106e+04	   7.0687462e-01	   1.2056633e-03	
   1.7499723e+04	   7.3353379e-01	   9.9701650e-04	
   1.7533341e+04	   7.5577542e-01	   7.8013503e-04	
   1.7566237e+04	   7.7263272e-01	   5.6146725e-04	
   1.7599133e+04	   7.8413794e-01	   3.3813906e-04	
   1.7632029e+04	   7.8994789e-01	   1.1196892e-04	
   1.7664925e+04	   7.8988716e-01	  -1.1514935e-04	
   1.7699295e+04	   7.8355131e-01	  -3.5135607e-04	
   1.7733664e+04	   7.7102555e-01	  -5.8429410e-04	
   1.7768034e+04	   7.5271611e-01	  -8.1190147e-04	
   1.7802404e+04	   7.2919730e-01	  -1.0323015e-03	
   1.7835433e+04	   7.0235253e-01	  -1.2357586e-03	
   1.7868463e+04	   6.7207315e-01	  -1.4297544e-03	
   1.7901493e+04	   6.3910129e-01	  -1.6132761e-03	
   1.7934522e+04	   6.0418168e-01	  -1.7855592e-03	
   1.7963275e+04	   5.7276679e-01	  -1.9259671e-03	
   1.7992027e+04	   5.4086953e-01	  -2.0572614e-03	
   1.8020779e+04	   5.0889170e-01	  -2.1793620e-03	
   1.8049531e+04	   4.7718937e-01	  -2.2922949e-03	
   1.8073342e+04	   4.5136557e-01	  -2.3789658e-03	
   1.8097152e+04	   4.2609019e-01	  -2.4595494e-03	
   1.8120963e+04	   4.0148778e-01	  -2.5341913e-03	
   1.8144774e+04	   3.7766061e-01	  -2.6030634e-03	
   1.8169751e+04	   3.5358666e-01	  -2.6693236e-03	
   1.8194729e+04	   3.3052419e-01	  -2.7296949e-03	
   1.8219707e+04	   3.0852233e-01	  -2.7844361e-03	
   1.8244685e+04	   2.8761147e-01	  -2.8338156e-03	
   1.8275192e+04	   2.6356938e-01	  -2.8872549e-03	
   1.8305700e+04	   2.4116935e-01	  -2.9336097e-03	
   1.8336208e+04	   2.2038373e-01	  -2.9733760e-03	
   1.8366715e+04	   2.0116520e-01	  -3.0070394e-03	
   1.8398069e+04	   1.8297927e-01	  -3.0357735e-03	
   1.8429423e+04	   1.6630162e-01	  -3.0590433e-03	
   1.8460777e+04	   1.5104619e-01	  -3.0773068e-03	
   1.8492131e+04	   1.3712220e-01	  -3.0909973e-03	
   1.8518637e+04	   1.2632022e-01	  -3.0993050e-03	
   1.8545144e+04	   1.1634783e-01	  -3.1048604e-03	
   1.8571651e+04	   1.0715077e-01	  -3.1078754e-03	
   1.8598157e+04	   9.8676072e-02	  -3.1085494e-03	
   1.8624663e+04	   9.0872727e-02	  -3.1070681e-03	
   1.8651168e+04	   8.3692003e-02	  -3.1036020e-03	
   1.8677674e+04	   7.7087833e-02	  -3.0983094e-03	
   1.8704180e+04	   7.1016421e-02	  -3.0913380e-03	
   1.8731684e+04	   6.5235286e-02	  -3.0824752e-03	
   1.8759188e+04	   5.9940681e-02	  -3.0720901e-03	
   1.8786693e+04	   5.5092751e-02	  -3.0603109e-03	
   1.8814197e+04	   5.0654250e-02	  -3.0472557e-03	
   1.8843322e+04	   4.6362211e-02	  -3.0321609e-03	
   1.8872447e+04	   4.2453294e-02	  -3.0158729e-03	
   1.8901572e+04	   3.8893161e-02	  -2.9984979e-03	
   1.8930697e+04	   3.5650145e-02	  -2.9801336e-03	
   1.8962022e+04	   3.2483104e-02	  -2.9593794e-03	
   1.8993346e+04	   2.9617152e-02	  -2.9376816e-03	
   1.9024671e+04	   2.7022923e-02	  -2.9151295e-03	
   1.9055995e+04	   2.4673652e-02	  -2.8918045e-03	
   1.9090153e+04	   2.2362806e-02	  -2.8655753e-03	
   1.9124310e+04	   2.0286865e-02	  -2.8385982e-03	
   1.9158468e+04	   1.8420944e-02	  -2.8109490e-03	
   1.9192625e+04	   1.6742615e-02	  -2.7826961e-03	
   1.9230380e+04	   1.5081815e-02	  -2.7508391e-03	
   1.9268134e+04	   1.3602316e-02	  -2.7183910e-03	
   1.9305889e+04	   1.2283238e-02	  -2.6854159e-03	
   1.9343643e+04	   1.1105981e-02	  -2.6519714e-03	
   1.9385979e+04	   9.9343988e-03	  -2.6139735e-03	
   1.9428314e+04	   8.9008557e-03	  -2.5755109e-03	
   1.9470650e+04	   7.9880212e-03	  -2.5366379e-03	
   1.9512985e+04	   7.1806491e-03	  -2.4974030e-03	
   1.9561242e+04	   6.3721949e-03	  -2.4522927e-03	
   1.9609499e+04	   5.6671881e-03	  -2.4068197e-03	
   1.9657756e+04	   5.0513993e-03	  -2.3610302e-03	
   1.9706013e+04	   4.5124918e-03	  -2.3149648e-03	
   1.9762130e+04	   3.9686587e-03	  -2.2610959e-03	
   1.9818247e+04	   3.5010135e-03	  -2.2069465e-03	
   1.9874364e+04	   3.0979881e-03	  -2.1525558e-03	
   1.9930480e+04	   2.7497306e-03	  -2.0979578e-03	
   1.9997476e+04	   2.3943332e-03	  -2.0325440e-03	
   2.0064472e+04	   2.0940942e-03	  -1.9669154e-03	
   2.0131467e+04	   1.8396648e-03	  -1.9011052e-03	
   2.0198463e+04	   1.6232701e-03	  -1.8351421e-03	
   2.0281592e+04	   1.3982866e-03	  -1.7531173e-03	
   2.0364721e+04	   1.2127895e-03	  -1.6709291e-03	
   2.0447850e+04	   1.0591751e-03	  -1.5886066e-03	
   2.0530979e+04	   9.3133771e-04	  -1.5061745e-03	
   2.0641478e+04	   7.9328614e-04	  -1.3964653e-03	
   2.0751977e+04	   6.8400991e-04	  -1.2866319e-03	
   2.0862476e+04	   5.9701282e-04	  -1.1767022e-03	
   2.0972975e+04	   5.2739440e-04	  -1.0666987e-03	
   2.1157729e+04	   4.4045053e-04	  -8.8265438e-04	
   2.1342483e+04	   3.8073421e-04	  -6.9850924e-04	
   2.1527236e+04	   3.4041161e-04	  -5.1430689e-04	
   2.1711990e+04	   3.1472152e-04	  -3.3007897e-04	
   2.1916555e+04	   3.0038724e-04	  -1.2609416e-04	
   2.2121120e+04	   2.9891221e-04	   7.7865396e-05	
   2.2325685e+04	   3.1009808e-04	   2.8177314e-04	
   2.2530250e+04	   3.3542989e-04	   4.8560167e-04	
   2.2744658e+04	   3.8127851e-04	   6.9911692e-04	
   2.2959065e+04	   4.5287482e-04	   9.1246479e-04	
   2.3173473e+04	   5.6298520e-04	   1.1255743e-03	
   2.3387880e+04	   7.3360181e-04	   1.3383389e-03	
   2.3521441e+04	   8.8529765e-04	   1.4706350e-03	
   2.3655002e+04	   1.0867427e-03	   1.6026811e-03	
   2.3788563e+04	   1.3576832e-03	   1.7343966e-03	
   2.3922124e+04	   1.7269556e-03	   1.8656689e-03	
   2.4015723e+04	   2.0655700e-03	   1.9573195e-03	
   2.4109322e+04	   2.4913323e-03	   2.0486067e-03	
   2.4202921e+04	   3.0305050e-03	   2.1394363e-03	
   2.4296520e+04	   3.7182542e-03	   2.2296851e-03	
   2.4366992e+04	   4.3614966e-03	   2.2971571e-03	
   2.4437464e+04	   5.1399447e-03	   2.3641259e-03	
   2.4507935e+04	   6.0857673e-03	   2.4304848e-03	
   2.4578407e+04	   7.2395885e-03	   2.4961011e-03	
   2.4634686e+04	   8.3438472e-03	   2.5478609e-03	
   2.4690965e+04	   9.6441269e-03	   2.5989435e-03	
   2.4747244e+04	   1.1178781e-02	   2.6492278e-03	
   2.4803523e+04	   1.2994292e-02	   2.6985684e-03	
   2.4859802e+04	   1.5146525e-02	   2.7467915e-03	
   2.4916081e+04	   1.7701979e-02	   2.7936923e-03	
   2.4972360e+04	   2.0742150e-02	   2.8390207e-03	
   2.5028639e+04	   2.4365813e-02	   2.8824751e-03	
   2.5075564e+04	   2.7917918e-02	   2.9170166e-03	
   2.5122489e+04	   3.2038034e-02	   2.9497610e-03	
   2.5169414e+04	   3.6820742e-02	   2.9804198e-03	
   2.5216340e+04	   4.2376308e-02	   3.0086553e-03	
   2.5255676e+04	   4.7720971e-02	   3.0301735e-03	
   2.5295012e+04	   5.3782738e-02	   3.0494513e-03	
   2.5334348e+04	   6.0657312e-02	   3.0661881e-03	
   2.5373684e+04	   6.8451925e-02	   3.0800422e-03	
   2.5407986e+04	   7.6092473e-02	   3.0894706e-03	
   2.5442287e+04	   8.4609273e-02	   3.0961306e-03	
   2.5476589e+04	   9.4095764e-02	   3.0997062e-03	
   2.5510890e+04	   1.0465254e-01	   3.0998469e-03	
   2.5542026e+04	   1.1525153e-01	   3.0966776e-03	
   2.5573161e+04	   1.2690487e-01	   3.0900467e-03	
   2.5604297e+04	   1.3969937e-01	   3.0796129e-03	
   2.5635433e+04	   1.5372369e-01	   3.0650067e-03	
   2.5664845e+04	   1.6818205e-01	   3.0470185e-03	
   2.5694258e+04	   1.8389150e-01	   3.0245959e-03	
   2.5723671e+04	   2.0092161e-01	   2.9973613e-03	
   2.5753084e+04	   2.1933590e-01	   2.9649169e-03	
   2.5782302e+04	   2.3905362e-01	   2.9271176e-03	
   2.5811520e+04	   2.6023452e-01	   2.8833445e-03	
   2.5840739e+04	   2.8290371e-01	   2.8331674e-03	
   2.5869957e+04	   3.0706571e-01	   2.7761510e-03	
   2.5901938e+04	   3.3519956e-01	   2.7053906e-03	
   2.5933919e+04	   3.6503140e-01	   2.6253582e-03	
   2.5965900e+04	   3.9644027e-01	   2.5355317e-03	
   2.5997881e+04	   4.2924495e-01	   2.4354374e-03	
   2.6032261e+04	   4.6578531e-01	   2.3159164e-03	
   2.6066641e+04	   5.0325261e-01	   2.1836595e-03	
   2.6101021e+04	   5.4114564e-01	   2.0384355e-03	
   2.6135401e+04	   5.7886452e-01	   1.8802052e-03	
   2.6169781e+04	   6.1571919e-01	   1.7091403e-03	
   2.6204161e+04	   6.5093326e-01	   1.5256688e-03	
   2.6238541e+04	   6.8369281e-01	   1.3304941e-03	
   2.6272922e+04	   7.1316993e-01	   1.1246043e-03	
   2.6308976e+04	   7.3966765e-01	   8.9855912e-04	
   2.6345030e+04	   7.6079330e-01	   6.6392375e-04	
   2.6381085e+04	   7.7583255e-01	   4.2276408e-04	
   2.6417139e+04	   7.8425963e-01	   1.7736046e-04	
   2.6453193e+04	   7.8575853e-01	  -6.9841963e-05	
   2.6489248e+04	   7.8028340e-01	  -3.1630170e-04	
   2.6525302e+04	   7.6803214e-01	  -5.5953484e-04	
   2.6561356e+04	   7.4943871e-01	  -7.9719325e-04	
   2.6595796e+04	   7.2634919e-01	  -1.0169953e-03	
   2.6630236e+04	   6.9877100e-01	  -1.2280402e-03	
   2.6664676e+04	   6.6748691e-01	  -1.4289145e-03	
   2.6699116e+04	   6.3332396e-01	  -1.6184894e-03	
   2.6722917e+04	   6.0847597e-01	  -1.7424473e-03	
   2.6746719e+04	   5.8292291e-01	  -1.8603998e-03	
   2.6770520e+04	   5.5691832e-01	  -1.9722093e-03	
   2.6794322e+04	   5.3069886e-01	  -2.0777961e-03	
   2.6818123e+04	   5.0448256e-01	  -2.1771353e-03	
   2.6841925e+04	   4.7846456e-01	  -2.2702532e-03	
   2.6865726e+04	   4.5281719e-01	  -2.3572179e-03	
   2.6889528e+04	   4.2768963e-01	  -2.4381346e-03	
   2.6913797e+04	   4.0273424e-01	  -2.5145586e-03	
   2.6938066e+04	   3.7855975e-01	  -2.5850179e-03	
   2.6962335e+04	   3.5525349e-01	  -2.6497128e-03	
   2.6986605e+04	   3.3288205e-01	  -2.7088616e-03	
   2.7013272e+04	   3.0943393e-01	  -2.7677374e-03	
   2.7039938e+04	   2.8720949e-01	  -2.8205221e-03	
   2.7066605e+04	   2.6622701e-01	  -2.8675443e-03	
   2.7093272e+04	   2.4648679e-01	  -2.9091350e-03	
   2.7120459e+04	   2.2762432e-01	  -2.9462877e-03	
   2.7147645e+04	   2.1000718e-01	  -2.9784817e-03	
   2.7174832e+04	   1.9359649e-01	  -3.0060497e-03	
   2.7202018e+04	   1.7834546e-01	  -3.0293139e-03	
   2.7229205e+04	   1.6420086e-01	  -3.0485841e-03	
   2.7256391e+04	   1.5110649e-01	  -3.0641524e-03	
   2.7283578e+04	   1.3900426e-01	  -3.0762956e-03	
   2.7310765e+04	   1.2783490e-01	  -3.0852765e-03	
   2.7337299e+04	   1.1777589e-01	  -3.0912286e-03	
   2.7363834e+04	   1.0849499e-01	  -3.0946157e-03	
   2.7390369e+04	   9.9939818e-02	  -3.0956367e-03	
   2.7416904e+04	   9.2059556e-02	  -3.0944783e-03	
   2.7443688e+04	   8.4739961e-02	  -3.0912752e-03	
   2.7470472e+04	   7.8011042e-02	  -3.0861916e-03	
   2.7497256e+04	   7.1828070e-02	  -3.0793794e-03	
   2.7524041e+04	   6.6148687e-02	  -3.0709796e-03	
   2.7551969e+04	   6.0720113e-02	  -3.0606710e-03	
   2.7579897e+04	   5.5754268e-02	  -3.0489121e-03	
   2.7607825e+04	   5.1212470e-02	  -3.0358260e-03	
   2.7635754e+04	   4.7058675e-02	  -3.0215270e-03	
   2.7665433e+04	   4.3032468e-02	  -3.0051184e-03	
   2.7695112e+04	   3.9370618e-02	  -2.9875701e-03	
   2.7724792e+04	   3.6039843e-02	  -2.9689849e-03	
   2.7754471e+04	   3.3009529e-02	  -2.9494570e-03	
   2.7786492e+04	   3.0045049e-02	  -2.9274298e-03	
   2.7818513e+04	   2.7366544e-02	  -2.9045005e-03	
   2.7850533e+04	   2.4945600e-02	  -2.8807556e-03	
   2.7882554e+04	   2.2756385e-02	  -2.8562741e-03	
   2.7917578e+04	   2.0599790e-02	  -2.8287364e-03	
   2.7952603e+04	   1.8665855e-02	  -2.8004839e-03	
   2.7987627e+04	   1.6930547e-02	  -2.7715899e-03	
   2.8022651e+04	   1.5372259e-02	  -2.7421208e-03	
   2.8061491e+04	   1.3828041e-02	  -2.7088407e-03	
   2.8100330e+04	   1.2455227e-02	  -2.6749960e-03	
   2.8139169e+04	   1.1233692e-02	  -2.6406488e-03	
   2.8178009e+04	   1.0145557e-02	  -2.6058550e-03	
   2.8221723e+04	   9.0609673e-03	  -2.5662210e-03	
   2.8265437e+04	   8.1064881e-03	  -2.5261436e-03	
   2.8309151e+04	   7.2654468e-03	  -2.4856754e-03	
   2.8352866e+04	   6.5232239e-03	  -2.4448636e-03	
   2.8402919e+04	   5.7785605e-03	  -2.3977635e-03	
   2.8452973e+04	   5.1310839e-03	  -2.3503177e-03	
   2.8503027e+04	   4.5671271e-03	  -2.3025711e-03	
   2.8553081e+04	   4.0748876e-03	  -2.2545631e-03	
   2.8611628e+04	   3.5768073e-03	  -2.1981221e-03	
   2.8670175e+04	   3.1500769e-03	  -2.1414140e-03	
   2.8728722e+04	   2.7835935e-03	  -2.0844769e-03	
   2.8787270e+04	   2.4679502e-03	  -2.0273440e-03	
   2.8857749e+04	   2.1444775e-03	  -1.9583470e-03	
   2.8928228e+04	   1.8725522e-03	  -1.8891455e-03	
   2.8998707e+04	   1.6431862e-03	  -1.8197720e-03	
   2.9069186e+04	   1.4489596e-03	  -1.7502547e-03	
   2.9157833e+04	   1.2454789e-03	  -1.6626483e-03	
   2.9246479e+04	   1.0789844e-03	  -1.5748861e-03	
   2.9335126e+04	   9.4210234e-04	  -1.4869971e-03	
   2.9423773e+04	   8.2898236e-04	  -1.3990056e-03	
   2.9545243e+04	   7.0452373e-04	  -1.2783013e-03	
   2.9666713e+04	   6.0767368e-04	  -1.1574777e-03	
   2.9788184e+04	   5.3189601e-04	  -1.0365639e-03	
   2.9909654e+04	   4.7238958e-04	  -9.1558339e-04	
   3.0153723e+04	   3.8911069e-04	  -6.7236308e-04	
   3.0397791e+04	   3.4048789e-04	  -4.2904220e-04	
   3.0641860e+04	   3.1598221e-04	  -1.8569584e-04	
   3.0885929e+04	   3.1082571e-04	   5.7624426e-05	
   3.1129997e+04	   3.2501375e-04	   3.0087663e-04	
   3.1374066e+04	   3.6012724e-04	   5.4401247e-04	
   3.1618134e+04	   4.2331186e-04	   7.8697028e-04	
   3.1862203e+04	   5.2865603e-04	   1.0296641e-03	
   3.2017781e+04	   6.2832376e-04	   1.1841733e-03	
   3.2173359e+04	   7.6431930e-04	   1.3384786e-03	
   3.2328938e+04	   9.5226779e-04	   1.4925101e-03	
   3.2484516e+04	   1.2158948e-03	   1.6461680e-03	
   3.2593336e+04	   1.4632424e-03	   1.7533506e-03	
   3.2702156e+04	   1.7809707e-03	   1.8602172e-03	
   3.2810977e+04	   2.1929384e-03	   1.9666778e-03	
   3.2919797e+04	   2.7322002e-03	   2.0726112e-03	
   3.2999081e+04	   3.2302267e-03	   2.1493704e-03	
   3.3078366e+04	   3.8418649e-03	   2.2256864e-03	
   3.3157650e+04	   4.5968661e-03	   2.3014571e-03	
   3.3236934e+04	   5.5336583e-03	   2.3765529e-03	
   3.3298789e+04	   6.4216755e-03	   2.4345688e-03	
   3.3360644e+04	   7.4785334e-03	   2.4919820e-03	
   3.3422498e+04	   8.7400201e-03	   2.5486771e-03	
   3.3484353e+04	   1.0250218e-02	   2.6045132e-03	
   3.3546208e+04	   1.2062958e-02	   2.6593202e-03	
   3.3608063e+04	   1.4243229e-02	   2.7128945e-03	
   3.3669918e+04	   1.6872421e-02	   2.7649834e-03	
   3.3731772e+04	   2.0051049e-02	   2.8152769e-03	
   3.3782467e+04	   2.3150746e-02	   2.8548968e-03	
   3.3833162e+04	   2.6781738e-02	   2.8928138e-03	
   3.3883856e+04	   3.1040059e-02	   2.9287345e-03	
   3.3934551e+04	   3.6039364e-02	   2.9623107e-03	
   3.3976231e+04	   4.0797651e-02	   2.9878749e-03	
   3.4017911e+04	   4.6231177e-02	   3.0113181e-03	
   3.4059591e+04	   5.2436761e-02	   3.0323391e-03	
   3.4101271e+04	   5.9524231e-02	   3.0505924e-03	
   3.4137061e+04	   6.6407231e-02	   3.0637602e-03	
   3.4172850e+04	   7.4117620e-02	   3.0743193e-03	
   3.4208640e+04	   8.2750085e-02	   3.0819571e-03	
   3.4244430e+04	   9.2407850e-02	   3.0863246e-03	
   3.4276514e+04	   1.0202848e-01	   3.0871431e-03	
   3.4308598e+04	   1.1264803e-01	   3.0847174e-03	
   3.4340682e+04	   1.2435605e-01	   3.0787130e-03	
   3.4372766e+04	   1.3724568e-01	   3.0687654e-03	
   3.4402700e+04	   1.5042134e-01	   3.0555811e-03	
   3.4432634e+04	   1.6478711e-01	   3.0382769e-03	
   3.4462568e+04	   1.8041929e-01	   3.0164860e-03	
   3.4492502e+04	   1.9739086e-01	   2.9898180e-03	
   3.4521740e+04	   2.1532557e-01	   2.9586678e-03	
   3.4550977e+04	   2.3465806e-01	   2.9220712e-03	
   3.4580215e+04	   2.5543105e-01	   2.8796140e-03	
   3.4609453e+04	   2.7767193e-01	   2.8308713e-03	
   3.4640255e+04	   3.0270056e-01	   2.7722458e-03	
   3.4671058e+04	   3.2935080e-01	   2.7056602e-03	
   3.4701860e+04	   3.5756690e-01	   2.6306249e-03	
   3.4732663e+04	   3.8724994e-01	   2.5466737e-03	
   3.4767208e+04	   4.2210228e-01	   2.4413831e-03	
   3.4801754e+04	   4.5832418e-01	   2.3238047e-03	
   3.4836299e+04	   4.9552834e-01	   2.1935341e-03	
   3.4870845e+04	   5.3322705e-01	   2.0503200e-03	
   3.4905390e+04	   5.7083553e-01	   1.8940860e-03	
   3.4939936e+04	   6.0766626e-01	   1.7249760e-03	
   3.4974481e+04	   6.4296386e-01	   1.5433889e-03	
   3.5009027e+04	   6.7592192e-01	   1.3499970e-03	
   3.5040489e+04	   7.0319665e-01	   1.1643894e-03	
   3.5071951e+04	   7.2721306e-01	   9.7070654e-04	
   3.5103413e+04	   7.4739524e-01	   7.7006397e-04	
   3.5134876e+04	   7.6323637e-01	   5.6374546e-04	
   3.5166338e+04	   7.7431455e-01	   3.5318335e-04	
   3.5197800e+04	   7.8032951e-01	   1.3994031e-04	
   3.5229262e+04	   7.8111636e-01	  -7.4363115e-05	
   3.5260724e+04	   7.7665382e-01	  -2.8808627e-04	
   3.5301129e+04	   7.6342955e-01	  -5.5909484e-04	
   3.5341534e+04	   7.4236807e-01	  -8.2312290e-04	
   3.5381939e+04	   7.1436687e-01	  -1.0771755e-03	
   3.5422344e+04	   6.8055638e-01	  -1.3186999e-03	
   3.5447476e+04	   6.5716959e-01	  -1.4616661e-03	
   3.5472609e+04	   6.3235954e-01	  -1.5985659e-03	
   3.5497741e+04	   6.0644498e-01	  -1.7290817e-03	
   3.5522873e+04	   5.7973531e-01	  -1.8529748e-03	
   3.5548005e+04	   5.5252671e-01	  -1.9700825e-03	
   3.5573138e+04	   5.2509341e-01	  -2.0803166e-03	
   3.5598270e+04	   4.9768503e-01	  -2.1836524e-03	
   3.5623402e+04	   4.7052457e-01	  -2.2801232e-03	
   3.5647675e+04	   4.4471181e-01	  -2.3668609e-03	
   3.5671948e+04	   4.1946290e-01	  -2.4473976e-03	
   3.5696221e+04	   3.9490408e-01	  -2.5218857e-03	
   3.5720495e+04	   3.7113851e-01	  -2.5905047e-03	
   3.5745720e+04	   3.4736767e-01	  -2.6558152e-03	
   3.5770946e+04	   3.2460818e-01	  -2.7152550e-03	
   3.5796171e+04	   3.0290706e-01	  -2.7690851e-03	
   3.5821397e+04	   2.8229284e-01	  -2.8175758e-03	
   3.5852458e+04	   2.5841905e-01	  -2.8703585e-03	
   3.5883518e+04	   2.3620273e-01	  -2.9159830e-03	
   3.5914579e+04	   2.1561328e-01	  -2.9549586e-03	
   3.5945640e+04	   1.9660036e-01	  -2.9877831e-03	
   3.5977039e+04	   1.7891472e-01	  -3.0152053e-03	
   3.6008438e+04	   1.6269337e-01	  -3.0373056e-03	
   3.6039837e+04	   1.4785193e-01	  -3.0545292e-03	
   3.6071235e+04	   1.3430178e-01	  -3.0672968e-03	
   3.6097991e+04	   1.2370634e-01	  -3.0749564e-03	
   3.6124746e+04	   1.1392762e-01	  -3.0798913e-03	
   3.6151501e+04	   1.0491181e-01	  -3.0823123e-03	
   3.6178256e+04	   9.6606369e-02	  -3.0824172e-03	
   3.6205064e+04	   8.8946179e-02	  -3.0803843e-03	
   3.6231871e+04	   8.1900055e-02	  -3.0763812e-03	
   3.6258679e+04	   7.5422223e-02	  -3.0705657e-03	
   3.6285487e+04	   6.9469206e-02	  -3.0630852e-03	
   3.6313336e+04	   6.3796806e-02	  -3.0536965e-03	
   3.6341185e+04	   5.8604180e-02	  -3.0427959e-03	
   3.6369034e+04	   5.3851747e-02	  -3.0305111e-03	
   3.6396883e+04	   4.9502548e-02	  -3.0169602e-03	
   3.6426405e+04	   4.5294321e-02	  -3.0013331e-03	
   3.6455927e+04	   4.1463739e-02	  -2.9845205e-03	
   3.6485448e+04	   3.7976712e-02	  -2.9666285e-03	
   3.6514970e+04	   3.4801835e-02	  -2.9477545e-03	
   3.6546758e+04	   3.1699465e-02	  -2.9264353e-03	
   3.6578545e+04	   2.8893710e-02	  -2.9041784e-03	
   3.6610333e+04	   2.6355432e-02	  -2.8810729e-03	
   3.6642121e+04	   2.4058095e-02	  -2.8572004e-03	
   3.6676828e+04	   2.1796819e-02	  -2.8303453e-03	
   3.6711535e+04	   1.9766809e-02	  -2.8027470e-03	
   3.6746242e+04	   1.7943380e-02	  -2.7744811e-03	
   3.6780950e+04	   1.6304305e-02	  -2.7456159e-03	
   3.6819370e+04	   1.4681052e-02	  -2.7130374e-03	
   3.6857790e+04	   1.3236171e-02	  -2.6798713e-03	
   3.6896211e+04	   1.1948952e-02	  -2.6461816e-03	
   3.6934631e+04	   1.0800969e-02	  -2.6120261e-03	
   3.6977793e+04	   9.6573651e-03	  -2.5731622e-03	
   3.7020956e+04	   8.6494820e-03	  -2.5338362e-03	
   3.7064118e+04	   7.7601298e-03	  -2.4941024e-03	
   3.7107280e+04	   6.9742092e-03	  -2.4540094e-03	
   3.7156597e+04	   6.1861698e-03	  -2.4078136e-03	
   3.7205914e+04	   5.4997909e-03	  -2.3612569e-03	
   3.7255231e+04	   4.9009509e-03	  -2.3143855e-03	
   3.7304548e+04	   4.3774309e-03	  -2.2672402e-03	
   3.7362084e+04	   3.8481078e-03	  -2.2119388e-03	
   3.7419619e+04	   3.3936513e-03	  -2.1563580e-03	
   3.7477154e+04	   3.0025650e-03	  -2.1005371e-03	
   3.7534690e+04	   2.6650848e-03	  -2.0445102e-03	
   3.7603707e+04	   2.3196605e-03	  -1.9770715e-03	
   3.7672724e+04	   2.0284946e-03	  -1.9094181e-03	
   3.7741741e+04	   1.7822655e-03	  -1.8415838e-03	
   3.7810758e+04	   1.5732518e-03	  -1.7735977e-03	
   3.7897087e+04	   1.3548065e-03	  -1.6883804e-03	
   3.7983417e+04	   1.1753724e-03	  -1.6029991e-03	
   3.8069746e+04	   1.0273054e-03	  -1.5174837e-03	
   3.8156075e+04	   9.0450861e-04	  -1.4318593e-03	
   3.8272948e+04	   7.7028493e-04	  -1.3158016e-03	
   3.8389821e+04	   6.6501550e-04	  -1.1996179e-03	
   3.8506694e+04	   5.8199694e-04	  -1.0833378e-03	
   3.8623567e+04	   5.1624821e-04	  -9.6698495e-04	
   3.8858753e+04	   4.2267444e-04	  -7.3269358e-04	
   3.9093940e+04	   3.6604943e-04	  -4.9828183e-04	
   3.9329126e+04	   3.3475352e-04	  -2.6382599e-04	
   3.9564312e+04	   3.2310587e-04	  -2.9377775e-05	
   3.9773247e+04	   3.2827470e-04	   1.7886290e-04	
   3.9982181e+04	   3.4821954e-04	   3.8703491e-04	
   4.0191116e+04	   3.8575190e-04	   5.9510387e-04	
   4.0400051e+04	   4.4648829e-04	   8.0302702e-04	
   4.0574612e+04	   5.2184669e-04	   9.7659137e-04	
   4.0749174e+04	   6.2803642e-04	   1.1499705e-03	
   4.0923736e+04	   7.7897978e-04	   1.3230970e-03	
   4.1098298e+04	   9.9658225e-04	   1.4958733e-03	
   4.1217915e+04	   1.2006240e-03	   1.6139956e-03	
   4.1337533e+04	   1.4663853e-03	   1.7318262e-03	
   4.1457151e+04	   1.8162987e-03	   1.8492770e-03	
   4.1576769e+04	   2.2821488e-03	   1.9662279e-03	
   4.1662194e+04	   2.7094059e-03	   2.0493553e-03	
   4.1747619e+04	   3.2390717e-03	   2.1320698e-03	
   4.1833044e+04	   3.8995781e-03	   2.2142713e-03	
   4.1918469e+04	   4.7281923e-03	   2.2958316e-03	
   4.1984127e+04	   5.5088971e-03	   2.3579833e-03	
   4.2049785e+04	   6.4442980e-03	   2.4195700e-03	
   4.2115443e+04	   7.5688119e-03	   2.4804788e-03	
   4.2181102e+04	   8.9252695e-03	   2.5405709e-03	
   4.2246760e+04	   1.0566511e-02	   2.5996771e-03	
   4.2312418e+04	   1.2556890e-02	   2.6575933e-03	
   4.2378076e+04	   1.4978141e-02	   2.7140629e-03	
   4.2443734e+04	   1.7932418e-02	   2.7687685e-03	
   4.2496959e+04	   2.0803960e-02	   2.8115562e-03	
   4.2550185e+04	   2.4188736e-02	   2.8526822e-03	
   4.2603410e+04	   2.8184160e-02	   2.8918475e-03	
   4.2656635e+04	   3.2906590e-02	   2.9286950e-03	
   4.2699855e+04	   3.7369931e-02	   2.9566219e-03	
   4.2743075e+04	   4.2487786e-02	   2.9824815e-03	
   4.2786295e+04	   4.8357913e-02	   3.0059701e-03	
   4.2829515e+04	   5.5091976e-02	   3.0267374e-03	
   4.2866277e+04	   6.1593705e-02	   3.0419623e-03	
   4.2903038e+04	   6.8898076e-02	   3.0546524e-03	
   4.2939800e+04	   7.7100486e-02	   3.0644956e-03	
   4.2976562e+04	   8.6305613e-02	   3.0711417e-03	
   4.3009284e+04	   9.5434507e-02	   3.0740533e-03	
   4.3042005e+04	   1.0553382e-01	   3.0738218e-03	
   4.3074727e+04	   1.1669432e-01	   3.0701152e-03	
   4.3107448e+04	   1.2901122e-01	   3.0625702e-03	
   4.3137780e+04	   1.4154708e-01	   3.0518048e-03	
   4.3168111e+04	   1.5524139e-01	   3.0370639e-03	
   4.3198442e+04	   1.7017331e-01	   3.0179846e-03	
   4.3228773e+04	   1.8641989e-01	   2.9941797e-03	
   4.3258164e+04	   2.0348619e-01	   2.9662170e-03	
   4.3287556e+04	   2.2191611e-01	   2.9330398e-03	
   4.3316947e+04	   2.4175952e-01	   2.8942406e-03	
   4.3346338e+04	   2.6305323e-01	   2.8493987e-03	
   4.3376836e+04	   2.8670446e-01	   2.7960188e-03	
   4.3407334e+04	   3.1193965e-01	   2.7351838e-03	
   4.3437832e+04	   3.3872617e-01	   2.6664169e-03	
   4.3468331e+04	   3.6699437e-01	   2.5892563e-03	
   4.3508125e+04	   4.0591779e-01	   2.4752390e-03	
   4.3547920e+04	   4.4679757e-01	   2.3453223e-03	
   4.3587715e+04	   4.8909737e-01	   2.1988377e-03	
   4.3627510e+04	   5.3210880e-01	   2.0353681e-03	
   4.3661607e+04	   5.6886831e-01	   1.8816888e-03	
   4.3695704e+04	   6.0485534e-01	   1.7155905e-03	
   4.3729801e+04	   6.3935309e-01	   1.5374585e-03	
   4.3763898e+04	   6.7159762e-01	   1.3479340e-03	
   4.3795457e+04	   6.9874648e-01	   1.1631405e-03	
   4.3827016e+04	   7.2266660e-01	   9.7028206e-04	
   4.3858575e+04	   7.4278504e-01	   7.7046772e-04	
   4.3890134e+04	   7.5859708e-01	   5.6497468e-04	
   4.3921693e+04	   7.6968198e-01	   3.5522854e-04	
   4.3953252e+04	   7.7573943e-01	   1.4278536e-04	
   4.3984811e+04	   7.7660346e-01	  -7.0740460e-05	
   4.4016370e+04	   7.7225068e-01	  -2.8371377e-04	
   4.4056638e+04	   7.5932022e-01	  -5.5208588e-04	
   4.4096906e+04	   7.3868758e-01	  -8.1364798e-04	
   4.4137175e+04	   7.1122154e-01	  -1.0654641e-03	
   4.4177443e+04	   6.7801856e-01	  -1.3050257e-03	
   4.4202787e+04	   6.5474757e-01	  -1.4485725e-03	
   4.4228132e+04	   6.3002870e-01	  -1.5860278e-03	
   4.4253477e+04	   6.0418399e-01	  -1.7170655e-03	
   4.4278821e+04	   5.7752638e-01	  -1.8414398e-03	
   4.4304166e+04	   5.5035570e-01	  -1.9589827e-03	
   4.4329511e+04	   5.2294966e-01	  -2.0696021e-03	
   4.4354855e+04	   4.9556110e-01	  -2.1732708e-03	
   4.4380200e+04	   4.6841593e-01	  -2.2700210e-03	
   4.4404584e+04	   4.4271394e-01	  -2.3566560e-03	
   4.4428969e+04	   4.1757100e-01	  -2.4370881e-03	
   4.4453353e+04	   3.9311354e-01	  -2.5114692e-03	
   4.4477738e+04	   3.6944492e-01	  -2.5799784e-03	
   4.4503065e+04	   3.4578311e-01	  -2.6451376e-03	
   4.4528392e+04	   3.2312714e-01	  -2.7044293e-03	
   4.4553719e+04	   3.0152413e-01	  -2.7581142e-03	
   4.4579047e+04	   2.8100275e-01	  -2.8064623e-03	
   4.4610185e+04	   2.5727153e-01	  -2.8589975e-03	
   4.4641323e+04	   2.3518527e-01	  -2.9043992e-03	
   4.4672461e+04	   2.1471390e-01	  -2.9431740e-03	
   4.4703600e+04	   1.9580771e-01	  -2.9758174e-03	
   4.4735215e+04	   1.7814507e-01	  -3.0031822e-03	
   4.4766830e+04	   1.6194908e-01	  -3.0251960e-03	
   4.4798446e+04	   1.4713502e-01	  -3.0423077e-03	
   4.4830061e+04	   1.3361388e-01	  -3.0549417e-03	
   4.4856959e+04	   1.2306005e-01	  -3.0624630e-03	
   4.4883856e+04	   1.1332110e-01	  -3.0672561e-03	
   4.4910753e+04	   1.0434320e-01	  -3.0695323e-03	
   4.4937651e+04	   9.6073858e-02	  -3.0694900e-03	
   4.4964600e+04	   8.8448269e-02	  -3.0673079e-03	
   4.4991549e+04	   8.1434933e-02	  -3.0631542e-03	
   4.5018499e+04	   7.4988118e-02	  -3.0571873e-03	
   4.5045448e+04	   6.9064398e-02	  -3.0495546e-03	
   4.5073450e+04	   6.3419613e-02	  -3.0400054e-03	
   4.5101451e+04	   5.8253045e-02	  -3.0289435e-03	
   4.5129453e+04	   5.3525158e-02	  -3.0164969e-03	
   4.5157455e+04	   4.9199044e-02	  -3.0027838e-03	
   4.5187147e+04	   4.5012647e-02	  -2.9869803e-03	
   4.5216839e+04	   4.1202580e-02	  -2.9699908e-03	
   4.5246531e+04	   3.7734800e-02	  -2.9519215e-03	
   4.5276223e+04	   3.4577947e-02	  -2.9328701e-03	
   4.5308205e+04	   3.1492638e-02	  -2.9113521e-03	
   4.5340187e+04	   2.8702854e-02	  -2.8888959e-03	
   4.5372169e+04	   2.6179494e-02	  -2.8655910e-03	
   4.5404151e+04	   2.3896068e-02	  -2.8415189e-03	
   4.5439086e+04	   2.1647943e-02	  -2.8144338e-03	
   4.5474021e+04	   1.9630194e-02	  -2.7866051e-03	
   4.5508956e+04	   1.7818168e-02	  -2.7581085e-03	
   4.5543891e+04	   1.6189677e-02	  -2.7290126e-03	
   4.5582585e+04	   1.4576391e-02	  -2.6961603e-03	
   4.5621279e+04	   1.3140765e-02	  -2.6627199e-03	
   4.5659973e+04	   1.1862116e-02	  -2.6287557e-03	
   4.5698667e+04	   1.0722049e-02	  -2.5943255e-03	
   4.5742167e+04	   9.5858438e-03	  -2.5551252e-03	
   4.5785668e+04	   8.5848082e-03	  -2.5154621e-03	
   4.5829169e+04	   7.7017687e-03	  -2.4753910e-03	
   4.5872669e+04	   6.9216503e-03	  -2.4349605e-03	
   4.5922420e+04	   6.1389672e-03	  -2.3883350e-03	
   4.5972170e+04	   5.4575350e-03	  -2.3413480e-03	
   4.6021920e+04	   4.8632397e-03	  -2.2940460e-03	
   4.6071670e+04	   4.3438786e-03	  -2.2464699e-03	
   4.6129787e+04	   3.8183122e-03	  -2.1905924e-03	
   4.6187904e+04	   3.3673319e-03	  -2.1344347e-03	
   4.6246021e+04	   2.9794371e-03	  -2.0780365e-03	
   4.6304138e+04	   2.6448710e-03	  -2.0214322e-03	
   4.6373991e+04	   2.3019735e-03	  -1.9531648e-03	
   4.6443845e+04	   2.0131776e-03	  -1.8846819e-03	
   4.6513698e+04	   1.7691415e-03	  -1.8160176e-03	
   4.6583551e+04	   1.5621396e-03	  -1.7472011e-03	
   4.6671232e+04	   1.3452834e-03	  -1.6606433e-03	
   4.6758912e+04	   1.1674240e-03	  -1.5739204e-03	
   4.6846592e+04	   1.0208686e-03	  -1.4870629e-03	
   4.6934273e+04	   8.9949861e-04	  -1.4000960e-03	
   4.7053998e+04	   7.6605968e-04	  -1.2812037e-03	
   4.7173724e+04	   6.6185114e-04	  -1.1621838e-03	
   4.7293450e+04	   5.8003579e-04	  -1.0430670e-03	
   4.7413176e+04	   5.1556796e-04	  -9.2387745e-04	
   4.7633484e+04	   4.3086813e-04	  -7.0442548e-04	
   4.7853792e+04	   3.7819153e-04	  -4.8487138e-04	
   4.8074100e+04	   3.4825921e-04	  -2.6527743e-04	
   4.8294408e+04	   3.3632440e-04	  -4.5687908e-05	
   4.8514716e+04	   3.4122153e-04	   1.7386224e-04	
   4.8735024e+04	   3.6315474e-04	   3.9333593e-04	
   4.8955332e+04	   4.0558493e-04	   6.1269095e-04	
   4.9175640e+04	   4.7564502e-04	   8.3187413e-04	
   4.9381730e+04	   5.7763555e-04	   1.0366917e-03	
   4.9587820e+04	   7.2960862e-04	   1.2412148e-03	
   4.9793910e+04	   9.6117710e-04	   1.4453053e-03	
   5.0000000e+04	   1.3232546e-03	   1.6487457e-03	
